53395544224   0.206
53395545113   0.015
53395545114   0.188
53395546224   0.078
53395547113   0.968
53395547114   1.128
53395547123   1.037
53395547124   0.946
53395547213   0.944
53395547214   1.663
53395547223   2.193
53395547224   2.293
53395548113   2.133
53395548114   1.843
53395544211   0.221
53395544212   0.084
53395544221   0.157
53395544222   0.228
53395546221   1.518
53395546222   1.399
53395547111   1.428
53395547112   1.467
53395547121   1.558
53395547122   0.966
53395547211   0.745
53395547212   1.403
53395547221   1.893
53395547222   2.053
53395548111   1.953
53395548112   1.733
53395548121   1.542
53395548122   1.572
53395534433   0.131
53395534434   0.025
53395534443   0.062
53395534444   0.075
53395535334   0.041
53395535343   0.013
53395535344   0.159
53395536434   1.397
53395536443   0.920
53395536444   0.969
53395537333   0.799
53395537434   0.633
53395537443   1.373
53395537444   1.163
53395538333   1.103
53395538334   1.262
53395538343   1.382
53395538344   1.522
53395538433   1.711
53395538434   1.821
53395539333   2.630
53395534432   0.066
53395534441   0.128
53395534442   0.308
53395535331   0.281
53395535332   0.019
53395535341   0.067
53395536431   1.090
53395536432   0.221
53395537432   0.113
53395537441   0.623
53395537442   0.653
53395538331   1.412
53395538332   1.572
53395538341   1.362
53395538342   1.402
53395538431   1.501
53395538432   1.631
53395538441   2.040
53395538442   2.470
53395539331   2.250
53395535324   0.041
53395535413   0.044
53395536324   1.081
53395536413   0.231
53395537423   0.222
53395537424   0.782
53395538313   1.562
53395538314   1.972
53395538323   1.192
53395538324   1.262
53395538413   1.221
53395538414   1.420
53395538423   2.150
53395538424   2.500
53395539313   1.730
53395539314   0.609
53395535311   0.037
53395535321   0.059
53395535322   0.164
53395535411   0.734
53395535412   0.624
53395535421   0.764
53395536321   0.353
53395536322   0.172
53395537422   0.512
53395538311   1.312
53395538312   1.592
53395538321   1.232
53395538322   1.021
53395538411   1.021
53395538412   1.280
53395538421   2.330
53395538422   2.900
53395539311   2.650
53395539312   1.550
53395535233   0.574
53395535234   0.924
53395535243   1.114
53395538133   0.512
53395538134   1.082
53395538143   1.071
53395538144   0.911
53395538233   0.820
53395538234   1.140
53395538243   1.910
53395538244   2.870
53395539133   3.300
53395539134   2.740
53395539143   3.069
53395538131   0.232
53395538132   0.792
53395538141   0.901
53395538142   0.891
53395538231   0.840
53395538232   1.120
53395538241   1.790
53395538242   2.269
53395539131   2.959
53395539132   3.430
53395539141   3.140
53395538114   0.771
53395538123   0.891
53395538124   0.890
53395538213   1.140
53395538214   1.570
53395538223   2.169
53395538224   2.609
53395539113   2.519
53395539114   3.430
53395539123   3.359
53395539124   3.698
53395538112   0.321
53395538121   0.820
53395538122   1.160
53395538211   1.400
53395538212   2.120
53395538221   2.299
53395538222   2.759
53395539111   2.779
53395539112   3.200
53395539121   2.400
53395539122   4.068
53395528343   0.980
53395528344   1.270
53395528433   1.470
53395528434   1.849
53395528443   2.039
53395528444   2.359
53395529333   2.569
53395529334   3.099
53395529343   2.530
53395529344   4.738
53395529433   4.177
53395528332   0.070
53395528341   0.860
53395528342   1.179
53395528431   1.159
53395528432   1.219
53395528441   1.569
53395528442   2.039
53395529331   2.049
53395529332   2.999
53395529341   3.700
53395529342   4.719
53395529431   3.875
53395528323   0.319
53395528324   0.708
53395528413   1.187
53395528414   1.267
53395528423   1.477
53395528424   2.078
53395529313   2.138
53395529314   1.679
53395529323   3.871
53395529324   4.741
53395529413   4.014
53395529414   4.175
53395529423   0.000
53395528322   0.396
53395528411   1.136
53395528412   1.356
53395528421   1.716
53395528422   1.946
53395529311   1.637
53395529312   2.402
53395529321   3.841
53395529322   4.640
53395529411   4.676
53395529412   5.031
53395528144   1.025
53395528233   1.785
53395528234   1.935
53395528243   2.155
53395528244   2.195
53395529133   1.415
53395529134   1.932
53395529143   4.222
53395529144   4.211
53395529233   4.390
53395529234   5.038
53395529243   5.153
53395528142   1.424
53395528231   1.894
53395528232   1.744
53395528241   2.174
53395528242   2.144
53395529131   0.873
53395529132   1.703
53395529141   4.193
53395529142   3.933
53395529231   3.782
53395529232   4.413
53395529241   4.457
53395529242   4.555
53395620131   4.326
53395528123   0.116
53395528124   1.283
53395528213   1.994
53395528214   1.864
53395528223   1.883
53395528224   2.172
53395529113   1.351
53395529114   2.663
53395529123   3.713
53395529124   3.813
53395529213   3.594
53395529214   4.296
53395529223   4.260
53395529224   4.385
53395620113   4.048
53395620114   4.050
53395528122   1.063
53395528211   2.033
53395528212   2.233
53395528221   2.092
53395528222   2.341
53395529111   1.728
53395529112   0.642
53395529121   3.193
53395529122   3.153
53395529211   3.186
53395529212   4.068
53395529221   3.993
53395529222   4.357
53395620111   3.499
53395620112   3.864
53395620121   4.068
53395518344   0.444
53395518433   1.293
53395518434   2.062
53395518443   1.771
53395518444   1.048
53395519333   1.853
53395519334   1.619
53395519343   1.716
53395519344   1.056
53395519433   2.108
53395519434   3.739
53395519443   4.015
53395519444   4.180
53395610333   3.302
53395610334   3.227
53395610343   3.626
53395610344   3.843
53395610433   4.188
53395518431   0.512
53395518432   1.291
53395518441   1.579
53395518442   1.073
53395519331   1.860
53395519332   1.617
53395519341   1.475
53395519342   0.793
53395519432   1.827
53395519441   3.447
53395519442   3.705
53395610331   3.365
53395610332   2.939
53395610341   3.471
53395610342   3.399
53395610431   3.465
53395610432   4.171
53395518413   0.031
53395518414   0.750
53395518423   1.337
53395518424   1.661
53395519313   1.868
53395519314   1.585
53395519323   1.301
53395519324   0.737
53395519413   0.313
53395519414   0.687
53395519423   1.552
53395519424   2.194
53395610313   1.300
53395610314   1.042
53395610323   0.705
53395610324   1.475
53395610414   2.855
53395610423   3.974
53395518412   0.339
53395518421   0.455
53395518422   1.149
53395519311   1.585
53395519312   1.711
53395519321   1.205
53395519322   0.640
53395519411   1.140
53395519412   1.759
53395519421   1.914
53395519422   1.760
53395610311   0.892
53395610312   0.893
53395610321   0.155
53395610322   0.477
53395610412   0.203
53395610421   3.722
53395518234   0.250
53395518244   0.403
53395519133   1.520
53395519134   1.619
53395519143   0.872
53395519144   0.563
53395519233   1.037
53395519234   1.558
53395519243   2.244
53395519244   2.042
53395610133   1.813
53395610134   0.743
53395610143   0.025
53395610234   0.259
53395610243   3.159
53395518242   0.138
53395519131   1.617
53395519132   1.636
53395519141   0.852
53395519142   0.471
53395519231   0.411
53395519232   1.396
53395519241   1.984
53395519242   2.023
53395610131   1.773
53395610132   1.723
53395610141   1.173
53395610142   1.074
53395610231   0.376
53395610232   1.188
53395610241   2.940
53395518224   0.196
53395519113   1.455
53395519114   1.475
53395519123   0.533
53395519214   1.053
53395519223   1.593
53395519224   1.813
53395610113   1.674
53395610114   1.954
53395610123   2.034
53395610124   1.634
53395610213   1.543
53395610214   3.198
53395610223   2.884
53395610224   1.784
53395518222   0.304
53395519111   1.273
53395519112   1.292
53395519121   0.451
53395519212   1.042
53395519221   1.532
53395519222   1.732
53395610111   1.702
53395610112   1.983
53395610121   2.264
53395610122   2.004
53395610211   3.149
53395610212   2.831
53395610221   2.482
53395610222   2.039
53395509333   0.766
53395509334   0.815
53395509343   0.461
53395509434   1.001
53395509443   1.341
53395509444   1.540
53395600333   1.781
53395600334   1.733
53395600343   1.354
53395600344   3.199
53395600433   3.289
53395600434   3.180
53395600443   2.947
53395600444   2.964
53395601333   2.868
53395508442   0.037
53395509331   0.855
53395509332   0.758
53395509341   0.316
53395509432   1.140
53395509441   1.639
53395509442   1.817
53395600331   1.487
53395600332   1.191
53395600341   2.828
53395600342   2.488
53395600431   3.289
53395600432   3.308
53395600441   3.156
53395600442   3.272
53395601331   2.657
53395601332   2.110
53395509313   0.583
53395509314   0.774
53395509323   0.796
53395509324   0.931
53395509413   0.929
53395509414   1.360
53395509423   1.726
53395509424   1.942
53395600313   1.599
53395600314   1.728
53395600323   1.268
53395600324   2.488
53395600413   3.448
53395600414   3.347
53395600423   3.335
53395600424   3.100
53395601313   2.854
53395601314   2.556
53395601323   2.928
53395509311   0.234
53395509312   0.559
53395509321   0.716
53395509322   0.867
53395509411   1.208
53395509412   1.279
53395509421   1.653
53395509422   1.983
53395600311   1.116
53395600312   1.828
53395600321   1.168
53395600322   2.908
53395600411   3.307
53395600412   3.356
53395600421   3.283
53395600422   3.208
53395601311   3.261
53395601312   3.092
53395601321   3.404
53395601322   3.486
53395603422   2.380
53395604311   2.491
53395604312   2.240
53395604321   2.000
53395509134   0.213
53395509143   0.324
53395509144   0.327
53395509233   1.015
53395509234   1.017
53395509243   0.647
53395509244   1.038
53395600133   1.203
53395600134   0.454
53395600143   1.398
53395600144   2.708
53395600233   3.167
53395600234   3.335
53395600243   3.422
53395600244   3.438
53395601133   3.320
53395601134   3.310
53395601143   3.560
53395601144   3.799
53395601233   3.659
53395601234   3.454
53395603233   2.513
53395603234   3.333
53395603243   3.912
53395603244   4.101
53395604133   4.070
53395604134   3.749
53395604143   3.819
53395604144   2.960
53395604233   2.409
53395604234   1.108
53395509142   0.208
53395509231   0.594
53395509232   0.587
53395509241   0.302
53395509242   0.595
53395600131   1.148
53395600132   0.747
53395600141   0.278
53395600142   0.670
53395600231   1.200
53395600232   2.973
53395600241   3.262
53395600242   3.077
53395601131   2.968
53395601132   2.787
53395601141   3.087
53395601142   3.215
53395601231   3.287
53395601232   3.912
53395601241   3.849
53395601242   3.805
53395602241   1.392
53395602242   1.371
53395603131   1.777
53395603132   2.829
53395603141   2.395
53395603142   1.591
53395603231   3.046
53395603232   3.855
53395603241   3.992
53395603242   3.970
53395604131   3.850
53395604132   3.591
53395604141   3.791
53395604142   3.608
53395604231   3.129
53395604232   3.009
53395604241   2.078
53395509214   0.269
53395509223   0.117
53395509224   0.884
53395600113   1.460
53395600114   1.556
53395600123   0.993
53395600223   0.193
53395601113   1.252
53395601114   1.504
53395601123   2.465
53395601124   2.623
53395601213   2.865
53395601214   3.399
53395601223   3.527
53395601224   3.583
53395602113   3.380
53395602114   3.471
53395602123   3.218
53395602124   3.395
53395602213   3.300
53395602214   2.211
53395602223   1.707
53395602224   1.985
53395603113   2.328
53395603114   3.250
53395603123   2.299
53395603124   2.526
53395603213   2.387
53395603214   3.652
53395603223   4.222
53395603224   4.042
53395604113   3.540
53395604114   3.578
53395604123   3.719
53395604124   3.741
53395604213   3.279
53395604214   3.796
53395604223   3.480
53395604224   2.544
53395509212   0.387
53395509221   0.643
53395509222   1.551
53395600111   1.938
53395600112   2.048
53395600121   1.662
53395600122   0.877
53395600211   1.091
53395600212   1.254
53395600221   1.073
53395601121   0.596
53395601122   0.985
53395601211   1.122
53395601212   1.519
53395601221   1.558
53395601222   2.624
53395602111   2.510
53395602112   2.973
53395602121   2.399
53395602122   2.466
53395602211   2.362
53395602212   1.432
53395602221   1.054
53395602222   0.942
53395603111   1.462
53395603112   2.409
53395603121   1.323
53395603122   3.137
53395603211   2.285
53395603212   3.433
53395603221   4.011
53395603222   3.859
53395604111   3.579
53395604112   3.581
53395604121   3.639
53395604122   3.748
53395604211   2.869
53395604212   3.731
53395604221   4.159
53395604222   3.938
53395605111   2.823
53394599433   0.300
53394599434   0.297
53394599443   1.038
53394599444   1.677
53394690333   1.703
53394690334   1.753
53394690343   1.503
53394690344   1.011
53394690433   1.126
53394690434   1.559
53394690443   1.733
53394690444   1.541
53394691333   1.555
53394691334   0.982
53394691343   1.050
53394691344   1.405
53394691433   1.262
53394691434   1.069
53394691443   1.157
53394691444   1.010
53394692333   1.322
53394692334   1.728
53394692343   1.326
53394692344   0.803
53394692433   2.183
53394692434   1.792
53394692443   1.612
53394692444   1.502
53394693333   1.852
53394693334   1.142
53394693343   0.962
53394693344   2.802
53394693433   2.478
53394693434   2.360
53394693443   3.709
53394693444   4.050
53394694333   3.499
53394694334   3.557
53394694343   3.629
53394694344   3.520
53394694433   2.619
53394694434   3.397
53394694443   4.065
53394694444   4.288
53394695333   4.005
53394695334   2.364
53394599432   0.086
53394599441   1.245
53394599442   1.584
53394690331   1.460
53394690332   1.548
53394690341   1.394
53394690342   1.022
53394690431   1.059
53394690432   1.575
53394690441   1.749
53394690442   1.971
53394691331   1.702
53394691332   1.257
53394691341   1.570
53394691342   2.355
53394691431   2.422
53394691432   2.209
53394691441   2.456
53394691442   1.823
53394692331   0.418
53394692332   1.467
53394692341   1.265
53394692342   1.033
53394692431   2.793
53394692432   2.922
53394692441   2.852
53394692442   2.782
53394693331   2.712
53394693332   2.222
53394693341   2.142
53394693342   1.972
53394693431   2.029
53394693432   2.329
53394693441   3.458
53394693442   3.828
53394694331   3.698
53394694332   3.710
53394694341   3.298
53394694342   2.829
53394694431   2.431
53394694432   2.082
53394694441   3.625
53394694442   3.936
53394695331   4.267
53394695332   3.225
53394599423   1.314
53394599424   1.373
53394690313   1.168
53394690314   1.152
53394690323   1.214
53394690324   1.018
53394690413   1.172
53394690414   1.492
53394690423   1.407
53394690424   1.388
53394691313   1.345
53394691314   1.591
53394691323   2.340
53394691324   2.565
53394691413   2.611
53394691414   2.688
53394691423   2.315
53394691424   2.183
53394692313   0.368
53394692314   0.877
53394692323   1.425
53394692324   2.003
53394692413   2.923
53394692414   2.912
53394692423   2.672
53394692424   2.682
53394693313   3.192
53394693314   3.592
53394693323   3.182
53394693324   2.182
53394693413   2.442
53394693414   2.637
53394693423   2.958
53394693424   3.948
53394694313   4.088
53394694314   4.049
53394694323   3.348
53394694324   2.437
53394694413   2.272
53394694414   2.297
53394694423   4.284
53394694424   4.115
53394695313   4.140
53394695314   3.945
53394695323   2.544
53394599421   0.634
53394599422   1.033
53394690311   0.766
53394690312   0.747
53394690321   0.824
53394690322   0.796
53394690411   1.364
53394690412   1.499
53394690421   1.325
53394690422   1.055
53394691311   1.028
53394691312   1.448
53394691321   2.260
53394691322   2.385
53394691411   2.721
53394691412   2.617
53394691421   2.243
53394691422   2.107
53394692311   1.813
53394692312   1.687
53394692321   2.355
53394692322   2.723
53394692411   2.953
53394692412   2.832
53394692421   2.432
53394692422   2.532
53394693311   3.202
53394693312   3.732
53394693321   3.632
53394693322   2.942
53394693411   2.942
53394693412   2.826
53394693421   2.497
53394693422   3.758
53394694311   3.968
53394694312   4.096
53394694321   3.648
53394694322   2.667
53394694411   3.130
53394694412   3.088
53394694421   4.784
53394694422   4.586
53394695311   4.077
53394695312   4.187
53394695321   3.303
53394695322   2.265
53394599244   0.063
53394690133   0.325
53394690134   0.272
53394690143   0.467
53394690144   0.361
53394690233   1.257
53394690234   1.454
53394690243   1.380
53394690244   1.340
53394691133   1.255
53394691134   1.568
53394691143   2.071
53394691144   2.024
53394691233   2.610
53394691234   2.426
53394691243   2.180
53394691244   2.213
53394692133   2.263
53394692134   2.277
53394692143   2.525
53394692144   2.683
53394692233   2.922
53394692234   2.792
53394692243   2.672
53394692244   2.771
53394693133   3.082
53394693134   3.512
53394693143   3.652
53394693144   3.272
53394693233   3.262
53394693234   2.925
53394693243   2.286
53394693244   3.167
53394694133   3.748
53394694134   3.748
53394694143   3.537
53394694144   2.878
53394694233   3.725
53394694234   3.926
53394694243   4.914
53394694244   4.641
53394695133   4.393
53394695134   4.430
53394695143   4.136
53394695144   3.014
53394690231   0.359
53394690232   1.070
53394690241   1.137
53394690242   1.136
53394691131   1.322
53394691132   1.638
53394691141   1.861
53394691142   1.824
53394691231   2.499
53394691232   2.304
53394691241   2.007
53394691242   2.199
53394692131   2.392
53394692132   2.277
53394692141   2.334
53394692142   2.543
53394692231   2.622
53394692232   2.651
53394692241   2.701
53394692242   2.821
53394693131   3.151
53394693132   3.541
53394693141   3.101
53394693142   3.240
53394693231   3.180
53394693232   2.792
53394693241   2.385
53394693242   3.008
53394694131   3.067
53394694132   3.268
53394694141   3.417
53394694142   3.088
53394694231   3.338
53394694232   3.923
53394694241   4.744
53394694242   4.494
53394695131   4.457
53394695132   4.533
53394695141   4.376
53394695142   3.925
53394690214   0.108
53394690223   0.544
53394690224   0.473
53394691113   0.708
53394691114   1.197
53394691123   1.391
53394691124   1.154
53394691213   1.428
53394691214   1.662
53394691223   1.734
53394691224   2.126
53394692113   2.251
53394692114   2.006
53394692123   2.053
53394692124   2.002
53394692213   1.901
53394692214   2.091
53394692223   2.520
53394692224   2.641
53394693113   2.991
53394693114   3.061
53394693123   1.891
53394693124   3.189
53394693213   3.250
53394693214   2.910
53394693223   2.444
53394693224   3.176
53394694113   3.229
53394694114   3.037
53394694123   2.639
53394694124   3.007
53394694213   3.153
53394694214   3.806
53394694223   4.673
53394694224   4.555
53394695113   4.351
53394695114   4.607
53394695123   4.792
53394695124   4.425
53394695213   2.894
53394691111   0.162
53394691112   0.597
53394691121   0.662
53394691122   0.125
53394691211   0.362
53394691212   0.648
53394691221   1.109
53394691222   1.673
53394692111   1.768
53394692112   1.672
53394692121   1.670
53394692122   1.539
53394692211   1.388
53394692212   1.448
53394692221   1.838
53394692222   2.029
53394693111   2.481
53394693112   2.571
53394693121   2.071
53394693122   3.023
53394693211   2.998
53394693212   2.687
53394693221   2.442
53394693222   2.417
53394694111   3.167
53394694112   3.269
53394694121   2.786
53394694122   3.665
53394694211   4.040
53394694212   4.142
53394694221   4.093
53394694222   4.106
53394695111   4.233
53394695112   4.848
53394695121   5.021
53394695122   4.496
53394695211   3.405
53394681344   0.157
53394681433   0.272
53394681434   0.394
53394681443   0.725
53394681444   1.349
53394682333   1.663
53394682334   1.837
53394682343   1.614
53394682344   1.312
53394682433   1.231
53394682434   1.191
53394682443   1.481
53394682444   1.651
53394683333   1.560
53394683334   2.681
53394683343   2.491
53394683344   2.895
53394683433   3.110
53394683434   2.838
53394683443   3.050
53394683444   2.818
53394684333   2.869
53394684334   2.816
53394684343   3.150
53394684344   4.507
53394684433   4.083
53394684434   3.995
53394684443   3.935
53394684444   3.543
53394685333   3.066
53394685334   3.624
53394685343   4.388
53394685344   4.395
53394685433   3.724
53394685434   1.415
53394681342   0.157
53394681431   0.255
53394681432   0.026
53394681441   0.291
53394681442   0.814
53394682331   1.246
53394682332   1.840
53394682341   1.454
53394682342   1.229
53394682431   1.057
53394682432   0.865
53394682441   1.181
53394682442   1.454
53394683341   0.542
53394683342   1.921
53394683431   2.848
53394683432   3.052
53394683441   3.202
53394683442   3.118
53394684331   3.058
53394684332   2.519
53394684341   3.406
53394684342   5.247
53394684431   3.867
53394684432   3.354
53394684441   3.454
53394684442   3.043
53394685331   2.165
53394685332   2.192
53394685341   3.081
53394685342   4.191
53394685431   3.854
53394685432   1.204
53394681413   0.128
53394681424   0.318
53394682313   0.878
53394682314   1.640
53394682323   1.508
53394682324   1.259
53394682413   0.912
53394682414   0.670
53394682423   0.885
53394682424   1.356
53394683313   0.407
53394683413   1.595
53394683414   2.581
53394683423   3.030
53394683424   3.219
53394684313   3.229
53394684314   2.628
53394684323   3.259
53394684324   3.887
53394684413   3.734
53394684414   3.244
53394684423   3.154
53394684424   2.653
53394685313   1.813
53394685323   0.824
53394685324   3.102
53394685413   3.072
53394681422   0.022
53394682311   0.416
53394682312   1.054
53394682321   1.647
53394682322   1.300
53394682411   0.808
53394682412   0.706
53394682421   0.727
53394682422   1.102
53394683322   0.741
53394683412   1.745
53394683421   2.561
53394683422   2.660
53394684311   2.509
53394684312   2.288
53394684321   3.228
53394684322   3.594
53394684411   3.174
53394684412   2.934
53394684421   2.574
53394684422   2.244
53394685311   0.607
53394685322   2.163
53394685411   2.113
53394682133   0.242
53394682134   0.642
53394682143   1.206
53394682144   1.234
53394682233   0.876
53394682234   0.834
53394682243   0.670
53394682244   1.171
53394683143   1.502
53394683144   1.180
53394683243   1.317
53394683244   1.689
53394684133   0.768
53394684134   1.998
53394684143   3.028
53394684144   2.834
53394684233   2.544
53394684234   2.193
53394684243   0.917
53394684244   2.147
53394685133   1.977
53394685134   1.527
53394685143   1.337
53394685144   0.747
53394681231   0.061
53394682132   0.270
53394682141   0.871
53394682142   1.155
53394682231   0.906
53394682232   0.847
53394682241   0.726
53394682242   0.948
53394683131   0.291
53394683132   2.083
53394683141   1.710
53394683142   1.561
53394683241   1.236
53394683242   1.764
53394684131   0.665
53394684132   1.585
53394684141   1.790
53394684142   1.558
53394684231   1.267
53394684232   0.886
53394684241   0.858
53394684242   2.597
53394685131   2.657
53394685132   2.647
53394685141   1.977
53394685142   0.797
53394682114   0.239
53394682123   0.710
53394682124   1.182
53394682213   1.017
53394682214   0.903
53394682223   0.789
53394682224   0.880
53394683113   3.338
53394683114   2.676
53394683123   1.998
53394683124   1.949
53394683213   1.564
53394683214   0.823
53394683223   1.392
53394683224   1.344
53394684113   1.357
53394684114   1.620
53394684123   0.934
53394684124   0.717
53394684213   0.903
53394684214   1.029
53394684223   1.958
53394684224   2.508
53394685113   2.087
53394685114   2.417
53394685123   2.147
53394685124   1.287
53394682112   0.384
53394682121   0.409
53394682122   0.758
53394682211   0.960
53394682212   1.058
53394682221   0.813
53394682222   0.798
53394683111   1.563
53394683112   1.939
53394683121   2.016
53394683122   1.930
53394683211   1.571
53394683212   1.108
53394683221   1.834
53394683222   1.464
53394684111   1.678
53394684112   1.825
53394684121   1.228
53394684122   0.691
53394684211   1.020
53394684212   1.818
53394684221   2.247
53394684222   1.777
53394685111   1.547
53394685112   1.427
53394685121   1.917
53394685122   1.467
53394672334   0.338
53394672343   0.479
53394672344   0.408
53394672433   0.735
53394672434   0.933
53394672443   0.847
53394672444   0.725
53394673333   1.292
53394673334   1.661
53394673343   1.699
53394673344   1.699
53394673433   1.263
53394673434   1.044
53394673443   1.473
53394673444   1.483
53394674333   1.818
53394674334   2.277
53394674343   1.549
53394674344   1.258
53394674433   1.288
53394674434   2.037
53394674443   2.457
53394674444   1.797
53394675333   1.707
53394675334   0.957
53394675343   1.407
53394675344   1.497
53394672332   0.079
53394672341   0.427
53394672342   0.392
53394672431   0.794
53394672432   1.101
53394672441   1.166
53394672442   1.091
53394673331   1.295
53394673332   1.444
53394673341   1.319
53394673342   1.426
53394673431   1.531
53394673432   1.281
53394673441   1.541
53394673442   1.862
53394674331   1.938
53394674332   2.278
53394674341   1.588
53394674342   1.558
53394674431   1.717
53394674432   1.927
53394674441   1.887
53394674442   1.257
53394675331   0.887
53394675332   0.697
53394675341   0.987
53394672323   0.083
53394672324   0.330
53394672413   0.652
53394672414   1.352
53394672423   1.308
53394672424   1.226
53394673313   1.333
53394673314   1.294
53394673323   1.362
53394673324   1.516
53394673413   1.605
53394673414   1.284
53394673423   1.687
53394673424   1.840
53394674313   2.198
53394674314   2.168
53394674323   1.588
53394674324   1.737
53394674413   2.026
53394674414   2.096
53394674423   1.936
53394674424   1.055
53394675313   0.125
53394675314   0.686
53394675323   0.877
53394672411   0.123
53394672412   1.075
53394672421   0.998
53394672422   1.208
53394673311   1.313
53394673312   1.199
53394673321   1.218
53394673322   1.337
53394673411   1.577
53394673412   1.114
53394673421   1.964
53394673422   1.987
53394674311   2.131
53394674312   1.822
53394674321   1.718
53394674322   1.937
53394674411   2.026
53394674412   1.995
53394674421   1.975
53394674422   1.254
53394675311   1.154
53394675312   1.314
53394672234   0.654
53394672243   1.054
53394672244   1.070
53394673133   1.110
53394673134   1.124
53394673143   1.087
53394673144   1.003
53394673233   1.311
53394673234   1.090
53394673243   1.942
53394673244   2.032
53394674133   1.911
53394674134   1.835
53394674143   1.937
53394674144   1.926
53394674233   1.695
53394674234   1.644
53394674243   2.253
53394674244   2.023
53394675133   1.593
53394672232   0.247
53394672241   0.841
53394672242   0.897
53394673131   0.799
53394673132   0.940
53394673141   0.950
53394673142   0.801
53394673231   0.457
53394673232   1.257
53394673241   2.517
53394673242   1.848
53394674131   1.847
53394674132   1.871
53394674141   1.823
53394674142   1.923
53394674231   1.823
53394674232   1.672
53394674241   1.943
53394674242   1.743
53394675131   1.272
53394672214   0.110
53394672223   0.678
53394672224   0.705
53394673113   0.497
53394673114   0.746
53394673123   0.775
53394673124   0.678
53394673214   0.934
53394673223   1.696
53394673224   1.876
53394674113   1.917
53394674114   1.868
53394674123   1.869
53394674124   1.850
53394674213   0.979
53394674214   1.369
53394674223   1.139
53394674224   1.350
53394675113   1.120
53394672221   0.396
53394672222   0.725
53394673111   0.467
53394673112   0.551
53394673121   0.579
53394673122   0.409
53394673212   0.677
53394673221   0.962
53394673222   1.795
53394674111   1.725
53394674112   1.696
53394674121   1.987
53394674122   1.907
53394674211   1.676
53394674212   1.676
53394674221   1.616
53394674222   0.957
53394675111   0.808
53394662443   0.176
53394662444   0.435
53394663334   0.431
53394663343   0.371
53394663344   0.148
53394663433   0.645
53394663434   0.922
53394663443   0.485
53394663444   1.514
53394664333   1.754
53394664334   1.664
53394664343   1.695
53394664344   1.775
53394664433   1.904
53394664434   1.904
53394664443   2.124
53394664444   0.814
53394665333   0.864
53394663332   0.138
53394663342   0.592
53394663431   0.771
53394663432   1.137
53394663441   0.686
53394663442   0.737
53394664331   1.602
53394664332   1.722
53394664341   1.503
53394664342   1.533
53394664431   1.753
53394664432   2.053
53394664441   1.823
53394664442   1.133
53394665331   1.123
53394663323   0.459
53394663324   0.754
53394663413   0.675
53394663414   0.998
53394663423   0.906
53394663424   0.544
53394664313   1.119
53394664314   1.229
53394664323   1.050
53394664324   1.320
53394664413   1.851
53394664414   2.021
53394664423   1.851
53394664424   1.442
53394665313   1.402
53394663312   0.371
53394663321   0.444
53394663322   0.704
53394663411   0.657
53394663412   0.866
53394663421   0.206
53394663422   0.278
53394664311   0.275
53394664312   1.234
53394664321   1.086
53394664322   1.437
53394664411   1.848
53394664412   1.949
53394664421   1.670
53394664422   1.071
53394665311   0.912
53394663133   0.465
53394663134   0.909
53394663143   0.710
53394663144   0.623
53394663233   0.828
53394663234   0.928
53394664133   0.242
53394664134   1.015
53394664143   1.191
53394664144   1.415
53394664233   1.926
53394664234   1.837
53394664243   1.608
53394664244   0.868
53394663131   0.653
53394663132   0.986
53394663141   0.852
53394663142   0.736
53394663231   0.889
53394663232   0.839
53394663241   0.203
53394663242   0.288
53394664131   0.609
53394664132   0.831
53394664141   0.994
53394664142   1.412
53394664231   1.985
53394664232   1.896
53394664241   1.687
53394664242   1.026
53394663113   0.615
53394663114   0.872
53394663123   0.957
53394663124   0.826
53394663213   1.019
53394663214   1.091
53394663223   0.672
53394663224   0.912
53394664113   1.139
53394664114   1.024
53394664123   1.052
53394664124   1.410
53394664213   1.974
53394664214   2.005
53394664223   1.546
53394664224   1.346
53394663111   0.712
53394663112   0.742
53394663121   0.942
53394663122   1.131
53394663211   1.110
53394663212   0.751
53394663221   0.788
53394663222   1.123
53394664111   1.163
53394664112   0.967
53394664121   0.779
53394664122   1.158
53394664211   1.773
53394664212   1.365
53394664221   1.076
53394664222   1.476
53394652444   0.408
53394653333   0.731
53394653334   0.725
53394653343   0.731
53394653344   0.985
53394653433   1.054
53394653434   0.933
53394653443   0.877
53394653444   1.098
53394654333   1.125
53394654334   0.624
53394654343   0.807
53394654344   0.202
53394654433   1.073
53394654434   0.363
53394654443   0.716
53394654444   1.516
53394652442   0.427
53394653331   0.669
53394653332   0.623
53394653341   0.671
53394653342   0.704
53394653431   0.988
53394653432   0.997
53394653441   1.017
53394653442   1.151
53394654331   0.636
53394654341   0.477
53394654431   0.433
53394654441   1.156
53394652424   0.424
53394653313   0.644
53394653314   0.659
53394653323   0.707
53394653324   0.572
53394653413   0.625
53394653414   0.798
53394653423   0.918
53394653424   0.949
53394654313   0.320
53394654423   1.606
53394652422   0.400
53394653311   0.557
53394653312   0.483
53394653321   0.673
53394653322   0.571
53394653411   0.666
53394653412   0.715
53394653421   0.988
53394653422   0.709
53394654311   0.029
53394652244   0.384
53394653133   0.686
53394653134   0.662
53394653143   0.470
53394653144   0.395
53394653233   0.578
53394653234   0.603
53394653243   0.551
53394653244   0.041
53394652242   0.237
53394653131   0.588
53394653132   0.620
53394653141   0.508
53394653142   0.326
53394653231   0.468
53394653232   0.634
53394653241   0.319
53394652224   0.036
53394653113   0.504
53394653114   0.603
53394653123   0.393
53394653124   0.441
53394653213   0.364
53394653214   0.547
53394653223   0.703
53394653111   0.255
53394653112   0.525
53394653121   0.238
53394653122   0.207
53394653211   0.112
53394653212   0.188
53394643334   0.250
53394643343   0.015
53394643332   0.014
