53395544224   0.242
53395545113   0.082
53395545114   0.322
53395546224   0.968
53395547113   1.858
53395547114   2.018
53395547123   1.928
53395547124   1.839
53395547213   1.839
53395547214   2.559
53395547223   3.088
53395547224   3.189
53395548113   3.028
53395548114   2.738
53395544211   0.272
53395544212   0.132
53395544221   0.192
53395544222   0.262
53395546221   2.407
53395546222   2.287
53395547111   2.317
53395547112   2.357
53395547121   2.448
53395547122   1.857
53395547211   1.638
53395547212   2.299
53395547221   2.788
53395547222   2.948
53395548111   2.847
53395548112   2.629
53395548121   2.441
53395548122   2.472
53395534433   0.182
53395534434   0.072
53395534443   0.092
53395534444   0.102
53395535333   0.046
53395535334   0.085
53395535343   0.068
53395535344   0.228
53395536434   2.287
53395536443   1.807
53395536444   1.857
53395537333   1.688
53395537334   0.889
53395537433   0.691
53395537434   1.530
53395537443   2.268
53395537444   2.059
53395538333   1.999
53395538334   2.158
53395538343   2.282
53395538344   2.422
53395538433   2.613
53395538434   2.722
53395539333   3.533
53395534432   0.092
53395534441   0.152
53395534442   0.338
53395535331   0.324
53395535332   0.159
53395535341   0.178
53395535342   0.084
53395536431   1.965
53395536432   1.096
53395536441   0.857
53395536442   0.456
53395537432   1.011
53395537441   1.518
53395537442   1.548
53395538331   2.308
53395538332   2.468
53395538341   2.259
53395538342   2.300
53395538431   2.403
53395538432   2.534
53395538441   2.944
53395538442   3.371
53395539331   3.150
53395535314   0.015
53395535323   0.080
53395535324   0.134
53395535413   0.154
53395536324   1.952
53395536413   1.104
53395536414   0.186
53395537423   1.119
53395537424   1.677
53395538313   2.459
53395538314   2.869
53395538323   2.090
53395538324   2.161
53395538413   2.120
53395538414   2.321
53395538423   3.054
53395538424   3.403
53395539313   2.631
53395539314   1.514
53395535311   0.110
53395535312   0.062
53395535321   0.130
53395535322   0.270
53395535411   0.845
53395535412   0.738
53395535421   0.879
53395536321   1.215
53395536322   1.040
53395537421   0.883
53395537422   1.409
53395538311   2.209
53395538312   2.489
53395538321   2.128
53395538322   1.919
53395538411   1.919
53395538412   2.182
53395538421   3.232
53395538422   3.803
53395539311   3.551
53395539312   2.451
53395535143   0.069
53395535144   0.064
53395535233   0.686
53395535234   1.040
53395535243   1.238
53395535244   0.234
53395536133   0.234
53395536134   0.275
53395536143   0.394
53395537243   0.187
53395537244   0.880
53395538133   1.408
53395538134   1.979
53395538143   1.968
53395538144   1.811
53395538233   1.720
53395538234   2.040
53395538243   2.810
53395538244   3.772
53395539133   4.201
53395539134   3.643
53395539143   3.976
53395537242   0.442
53395538131   1.130
53395538132   1.687
53395538141   1.799
53395538142   1.789
53395538231   1.738
53395538232   2.017
53395538241   2.690
53395538242   3.171
53395539131   3.863
53395539132   4.333
53395539141   4.047
53395537224   0.237
53395538113   0.731
53395538114   1.668
53395538123   1.787
53395538124   1.788
53395538213   2.038
53395538214   2.467
53395538223   3.068
53395538224   3.511
53395539113   3.422
53395539114   4.337
53395539123   4.267
53395539124   4.161
53395538111   0.348
53395538112   1.217
53395538121   1.718
53395538122   2.058
53395538211   2.297
53395538212   3.017
53395538221   3.198
53395538222   3.659
53395539111   3.683
53395539112   4.105
53395539121   3.305
53395539122   4.531
53395528333   0.276
53395528334   0.836
53395528343   1.876
53395528344   2.166
53395528433   2.366
53395528434   2.746
53395528443   2.937
53395528444   3.258
53395529333   3.471
53395529334   4.002
53395529343   3.437
53395529344   5.198
53395529433   4.636
53395528331   0.095
53395528332   0.966
53395528341   1.756
53395528342   2.075
53395528431   2.055
53395528432   2.116
53395528441   2.466
53395528442   2.937
53395529331   2.949
53395529332   3.902
53395529341   4.193
53395529342   5.188
53395529431   4.335
53395528314   0.855
53395528323   1.215
53395528324   1.603
53395528413   2.084
53395528414   2.164
53395528423   2.373
53395528424   2.975
53395529313   3.037
53395529314   2.581
53395529323   4.356
53395529324   5.203
53395529413   4.467
53395529414   4.814
53395528312   0.445
53395528321   0.712
53395528322   1.290
53395528411   2.030
53395528412   2.251
53395528421   2.611
53395528422   2.842
53395529311   2.533
53395529312   2.828
53395529321   4.304
53395529322   5.090
53395529411   5.102
53395529412   5.396
53395528134   0.213
53395528143   0.778
53395528144   1.919
53395528233   2.678
53395528234   2.828
53395528243   3.049
53395528244   3.089
53395529133   2.312
53395529134   2.369
53395529143   4.660
53395529144   4.637
53395529233   4.791
53395529234   5.414
53395529243   5.518
53395528141   0.776
53395528142   2.317
53395528231   2.785
53395528232   2.636
53395528241   3.066
53395528242   3.036
53395529131   1.767
53395529132   2.124
53395529141   4.614
53395529142   4.345
53395529231   4.175
53395529232   4.786
53395529241   4.816
53395529242   4.897
53395620131   4.667
53395528123   1.005
53395528124   2.175
53395528213   2.883
53395528214   2.753
53395528223   2.772
53395528224   3.062
53395529113   2.241
53395529114   3.080
53395529123   4.127
53395529124   4.221
53395529213   3.981
53395529214   4.665
53395529223   4.614
53395529224   4.727
53395620113   4.382
53395620114   4.371
53395528121   0.775
53395528122   1.954
53395528211   2.922
53395528212   3.120
53395528221   2.979
53395528222   3.228
53395529111   2.612
53395529112   1.528
53395529121   3.604
53395529122   3.559
53395529211   3.563
53395529212   4.431
53395529221   4.340
53395529222   4.694
53395620111   3.826
53395620112   4.173
53395620121   4.354
53395518343   0.245
53395518344   1.332
53395518433   2.180
53395518434   2.947
53395518443   2.654
53395518444   1.930
53395519333   2.732
53395519334   2.495
53395519343   2.587
53395519344   1.930
53395519433   2.461
53395519434   4.097
53395519443   4.355
53395519444   4.511
53395610333   3.621
53395610334   3.524
53395610343   3.887
53395610344   4.037
53395610433   4.377
53395518342   0.709
53395518431   1.396
53395518432   2.173
53395518441   2.458
53395518442   1.950
53395519331   2.734
53395519332   2.487
53395519341   2.340
53395519342   1.652
53395519431   0.774
53395519432   2.794
53395519441   3.776
53395519442   4.028
53395610331   3.679
53395610332   3.229
53395610341   3.723
53395610342   3.585
53395610431   3.594
53395610432   4.305
53395518324   0.336
53395518413   0.911
53395518414   1.627
53395518423   2.212
53395518424   2.533
53395519313   2.735
53395519314   2.447
53395519323   2.160
53395519324   1.593
53395519413   1.238
53395519414   1.630
53395519423   2.480
53395519424   3.129
53395610313   2.228
53395610314   1.967
53395610323   1.629
53395610324   2.402
53395610413   0.888
53395610414   3.143
53395610423   4.490
53395518322   0.080
53395518411   0.606
53395518412   1.211
53395518421   1.327
53395518422   2.015
53395519311   2.444
53395519312   2.567
53395519321   2.059
53395519322   1.514
53395519411   2.068
53395519412   2.693
53395519421   2.840
53395519422   2.686
53395610311   1.814
53395610312   1.814
53395610321   1.076
53395610322   1.398
53395610411   0.423
53395610412   1.106
53395610421   4.321
53395518233   0.338
53395518234   1.113
53395518243   0.505
53395518244   1.260
53395519133   2.372
53395519134   2.467
53395519143   1.719
53395519144   1.444
53395519233   1.962
53395519234   2.484
53395519243   3.166
53395519244   2.962
53395610133   2.730
53395610134   1.658
53395610143   0.935
53395610144   0.775
53395610233   0.785
53395610234   1.165
53395610243   3.812
53395518231   0.047
53395518232   0.751
53395518241   0.604
53395518242   0.985
53395519131   2.462
53395519132   2.478
53395519141   1.691
53395519142   1.332
53395519231   1.333
53395519232   2.314
53395519241   2.899
53395519242   2.936
53395610131   2.685
53395610132   2.633
53395610141   2.082
53395610142   1.983
53395610231   1.284
53395610232   2.095
53395610241   3.671
53395518214   0.608
53395518223   0.814
53395518224   1.035
53395519113   2.292
53395519114   2.310
53395519123   1.365
53395519124   0.581
53395519213   0.530
53395519214   1.959
53395519223   2.498
53395519224   2.718
53395610113   2.578
53395610114   2.860
53395610123   2.941
53395610124   2.542
53395610213   2.453
53395610214   4.046
53395610223   3.708
53395610224   2.636
53395518212   0.242
53395518221   0.566
53395518222   1.135
53395519111   2.103
53395519112   2.119
53395519121   1.271
53395519122   0.389
53395519211   0.610
53395519212   1.935
53395519221   2.426
53395519222   2.627
53395610111   2.600
53395610112   2.886
53395610121   3.170
53395610122   2.911
53395610211   3.997
53395610212   3.677
53395610221   3.326
53395610222   2.887
53395508443   0.072
53395508444   0.821
53395509333   1.588
53395509334   1.632
53395509343   1.269
53395509344   0.528
53395509433   0.480
53395509434   1.878
53395509443   2.219
53395509444   2.421
53395600333   2.668
53395600334   2.630
53395600343   2.256
53395600344   4.047
53395600433   4.137
53395600434   4.027
53395600443   3.796
53395600444   3.816
53395601333   3.726
53395508442   0.858
53395509331   1.672
53395509332   1.572
53395509341   1.129
53395509342   0.594
53395509431   0.832
53395509432   2.003
53395509441   2.501
53395509442   2.680
53395600331   2.355
53395600332   2.080
53395600341   3.677
53395600342   3.337
53395600431   4.137
53395600432   4.157
53395600441   4.006
53395600442   4.126
53395601331   3.516
53395601332   2.975
53395508424   0.449
53395509313   1.397
53395509314   1.591
53395509323   1.625
53395509324   1.774
53395509413   1.777
53395509414   2.212
53395509423   2.574
53395509424   2.785
53395600313   2.435
53395600314   2.577
53395600323   2.117
53395600324   3.336
53395600413   4.296
53395600414   4.196
53395600423   4.186
53395600424   3.956
53395601313   3.715
53395601314   3.425
53395601323   3.805
53395509311   1.045
53395509312   1.378
53395509321   1.545
53395509322   1.707
53395509411   2.048
53395509412   2.118
53395509421   2.487
53395509422   2.806
53395600311   1.925
53395600312   2.677
53395600321   2.017
53395600322   3.756
53395600411   4.156
53395600412   4.207
53395600421   4.136
53395600422   4.066
53395601311   4.125
53395601312   3.965
53395601321   4.284
53395601322   4.374
53395603422   4.561
53395604311   4.669
53395604312   4.419
53395604321   4.180
53395509133   0.146
53395509134   1.027
53395509143   1.147
53395509144   1.164
53395509233   1.843
53395509234   1.836
53395509243   1.451
53395509244   1.820
53395600133   1.959
53395600134   1.147
53395600143   2.247
53395600144   3.556
53395600233   4.016
53395600234   4.186
53395600243   4.276
53395600244   4.296
53395601133   4.185
53395601134   4.185
53395601143   4.444
53395601144   4.693
53395601233   4.572
53395601234   4.372
53395603233   4.690
53395603234   5.508
53395603243   6.087
53395603244   6.276
53395604133   6.246
53395604134   5.927
53395604143   5.998
53395604144   5.137
53395604233   4.583
53395604234   3.282
53395509132   0.380
53395509141   0.654
53395509142   1.040
53395509231   1.401
53395509232   1.365
53395509241   1.042
53395509242   1.349
53395600131   1.880
53395600132   1.445
53395600141   0.923
53395600142   1.276
53395600231   1.810
53395600232   3.827
53395600241   4.116
53395600242   3.936
53395601131   3.835
53395601132   3.665
53395601141   3.974
53395601142   4.113
53395601231   4.202
53395601232   4.841
53395601241   4.809
53395601242   4.778
53395602241   3.238
53395602242   3.296
53395603131   3.805
53395603132   4.886
53395603141   4.484
53395603142   3.735
53395603231   5.216
53395603232   6.027
53395603241   6.166
53395603242   6.146
53395604131   6.027
53395604132   5.768
53395604141   5.963
53395604142   5.785
53395604231   5.304
53395604232   5.181
53395604241   4.250
53395509124   0.404
53395509213   0.565
53395509214   0.994
53395509223   0.893
53395509224   1.618
53395600113   2.171
53395600114   2.241
53395600123   1.652
53395600124   0.440
53395600213   0.266
53395600214   0.461
53395600223   0.663
53395600224   0.311
53395601113   2.125
53395601114   2.384
53395601123   3.354
53395601124   3.523
53395601213   3.782
53395601214   4.331
53395601223   4.489
53395601224   4.585
53395602113   4.451
53395602114   4.570
53395602123   4.358
53395602124   4.576
53395602213   4.524
53395602214   3.551
53395602223   3.426
53395602224   3.905
53395603113   4.354
53395603114   5.304
53395603123   4.394
53395603124   4.663
53395603213   4.555
53395603214   5.826
53395603223   6.396
53395603224   6.217
53395604113   5.718
53395604114   5.757
53395604123   5.898
53395604124   5.913
53395604213   5.452
53395604214   5.968
53395604223   5.651
53395604224   4.722
53395509211   0.507
53395509212   1.136
53395509221   1.373
53395509222   2.264
53395600111   2.635
53395600112   2.722
53395600121   2.305
53395600122   1.458
53395600211   1.603
53395600212   1.732
53395600221   1.540
53395601111   0.059
53395601112   0.044
53395601121   1.080
53395601122   1.470
53395601211   1.611
53395601212   2.011
53395601221   2.051
53395601222   3.654
53395602111   3.572
53395602112   4.070
53395602121   3.538
53395602122   3.646
53395602211   3.585
53395602212   2.762
53395602221   2.708
53395602222   2.866
53395603111   3.495
53395603112   4.465
53395603121   3.435
53395603122   5.274
53395603211   4.454
53395603212   5.606
53395603221   6.186
53395603222   6.036
53395604111   5.757
53395604112   5.759
53395604121   5.817
53395604122   5.922
53395604211   5.042
53395604212   5.902
53395604221   6.376
53395604222   6.140
53395605111   5.009
53394599433   1.055
53394599434   1.034
53394599443   1.751
53394599444   2.379
53394690333   2.390
53394690334   2.415
53394690343   2.132
53394690344   1.579
53394690433   1.633
53394690434   2.030
53394690443   2.180
53394690444   1.953
53394691333   1.986
53394691334   1.438
53394691343   1.529
53394691344   1.890
53394691433   1.750
53394691434   1.560
53394691443   1.651
53394691444   1.512
53394692333   1.843
53394692334   2.254
53394692343   1.854
53394692344   1.335
53394692433   2.715
53394692434   2.324
53394692443   2.145
53394692444   2.035
53394693333   2.385
53394693334   1.675
53394693343   1.495
53394693344   3.336
53394693433   4.657
53394693434   4.534
53394693443   5.885
53394693444   6.228
53394694333   5.678
53394694334   5.736
53394694343   5.807
53394694344   5.695
53394694433   4.774
53394694434   5.602
53394694443   6.291
53394694444   6.475
53394695333   6.187
53394695334   4.558
53394599431   0.304
53394599432   0.803
53394599441   1.949
53394599442   2.278
53394690331   2.137
53394690332   2.199
53394690341   2.009
53394690342   1.579
53394690431   1.558
53394690432   2.039
53394690441   2.186
53394690442   2.382
53394691331   2.136
53394691332   1.717
53394691341   2.049
53394691342   2.840
53394691431   2.910
53394691432   2.700
53394691441   2.951
53394691442   2.321
53394692331   0.943
53394692332   1.994
53394692341   1.794
53394692342   1.564
53394692431   3.324
53394692432   3.454
53394692441   3.385
53394692442   3.314
53394693331   3.246
53394693332   2.755
53394693341   2.676
53394693342   2.506
53394693431   4.208
53394693432   4.505
53394693441   5.635
53394693442   6.008
53394694331   5.878
53394694332   5.888
53394694341   5.473
53394694342   5.000
53394694431   4.664
53394694432   4.495
53394694441   5.913
53394694442   6.114
53394695331   6.452
53394695332   5.419
53394599414   0.540
53394599423   2.013
53394599424   2.059
53394690313   1.838
53394690314   1.794
53394690323   1.816
53394690324   1.563
53394690413   1.664
53394690414   1.952
53394690423   1.839
53394690424   1.803
53394691313   1.785
53394691314   2.058
53394691323   2.819
53394691324   3.050
53394691413   3.100
53394691414   3.181
53394691423   2.811
53394691424   2.681
53394692313   0.893
53394692314   1.403
53394692323   1.954
53394692324   2.534
53394692413   3.455
53394692414   3.444
53394692423   3.204
53394692424   3.215
53394693313   3.724
53394693314   4.125
53394693323   3.716
53394693324   2.718
53394693413   2.980
53394693414   4.813
53394693423   5.135
53394693424   6.125
53394694313   6.267
53394694314   6.224
53394694323   5.518
53394694324   4.613
53394694413   4.624
53394694414   4.623
53394694423   6.524
53394694424   6.302
53394695313   6.341
53394695314   6.145
53394695323   4.750
53394599421   1.329
53394599422   1.715
53394690311   1.429
53394690312   1.380
53394690321   1.416
53394690322   1.329
53394690411   1.847
53394690412   1.953
53394690421   1.752
53394690422   1.474
53394691311   1.476
53394691312   1.918
53394691321   2.739
53394691322   2.870
53394691411   3.210
53394691412   3.111
53394691421   2.741
53394691422   2.611
53394692311   2.332
53394692312   2.213
53394692321   2.884
53394692322   3.254
53394692411   3.484
53394692412   3.364
53394692421   2.964
53394692422   3.065
53394693311   3.735
53394693312   4.264
53394693321   4.166
53394693322   3.479
53394693411   3.484
53394693412   5.002
53394693421   4.673
53394693422   5.935
53394694311   6.148
53394694312   6.275
53394694321   5.820
53394694322   4.841
53394694411   5.416
53394694412   5.321
53394694421   6.956
53394694422   6.784
53394695311   6.275
53394695312   6.390
53394695321   5.510
53394695322   4.482
53394599244   0.736
53394690133   0.981
53394690134   0.897
53394690143   1.053
53394690144   0.885
53394690233   1.731
53394690234   1.900
53394690243   1.800
53394690244   1.764
53394691133   1.706
53394691134   2.038
53394691143   2.549
53394691144   2.510
53394691233   3.100
53394691234   2.921
53394691243   2.681
53394691244   2.722
53394692133   2.782
53394692134   2.803
53394692143   3.053
53394692144   3.213
53394692233   3.454
53394692234   3.324
53394692243   3.204
53394692244   3.304
53394693133   3.614
53394693134   4.044
53394693143   4.184
53394693144   3.807
53394693233   3.800
53394693234   5.097
53394693243   4.460
53394693244   5.343
53394694133   5.926
53394694134   5.925
53394694143   5.710
53394694144   5.041
53394694233   5.910
53394694234   6.155
53394694243   7.102
53394694244   6.843
53394695133   6.602
53394695134   6.643
53394695143   6.341
53394695144   5.228
53394690131   0.117
53394690132   0.457
53394690141   0.386
53394690142   0.205
53394690231   0.822
53394690232   1.506
53394690241   1.550
53394690242   1.564
53394691131   1.777
53394691132   2.108
53394691141   2.339
53394691142   2.310
53394691231   2.991
53394691232   2.801
53394691241   2.512
53394691242   2.712
53394692131   2.912
53394692132   2.802
53394692141   2.863
53394692142   3.073
53394692231   3.154
53394692232   3.184
53394692241   3.234
53394692242   3.354
53394693131   3.684
53394693132   4.074
53394693141   3.635
53394693142   5.392
53394693231   5.334
53394693232   4.954
53394693241   4.553
53394693242   5.178
53394694131   5.245
53394694132   5.447
53394694141   5.595
53394694142   5.238
53394694231   5.544
53394694232   6.225
53394694241   6.931
53394694242   6.697
53394695131   6.665
53394695132   6.739
53394695141   6.579
53394695142   6.137
53394690214   0.531
53394690223   0.954
53394690224   0.905
53394691113   1.167
53394691114   1.668
53394691123   1.869
53394691124   1.639
53394691213   1.920
53394691214   2.161
53394691223   2.241
53394691224   2.642
53394692113   2.772
53394692114   2.533
53394692123   2.583
53394692124   2.533
53394692213   2.434
53394692214   2.624
53394692223   3.054
53394692224   3.174
53394693113   3.524
53394693114   3.596
53394693123   2.425
53394693124   5.351
53394693213   5.412
53394693214   5.074
53394693223   4.605
53394693224   5.342
53394694113   5.400
53394694114   5.218
53394694123   4.822
53394694124   5.230
53394694213   5.560
53394694214   6.075
53394694223   6.875
53394694224   6.753
53394695113   6.562
53394695114   6.813
53394695123   7.005
53394695124   6.631
53394695213   5.106
53394690222   0.256
53394691111   0.627
53394691112   1.068
53394691121   1.139
53394691122   0.610
53394691211   0.861
53394691212   1.151
53394691221   1.621
53394691222   2.192
53394692111   2.292
53394692112   2.203
53394692121   2.203
53394692122   2.074
53394692211   1.924
53394692212   1.984
53394692221   2.374
53394692222   2.564
53394693111   3.014
53394693112   3.104
53394693121   2.604
53394693122   5.278
53394693211   5.223
53394693212   5.040
53394693221   4.616
53394693222   4.575
53394694111   5.339
53394694112   5.447
53394694121   4.972
53394694122   5.953
53394694211   6.376
53394694212   6.316
53394694221   6.287
53394694222   6.301
53394695111   6.439
53394695112   7.066
53394695121   7.239
53394695122   6.697
53394695211   5.609
53394681343   0.369
53394681344   0.650
53394681433   0.771
53394681434   0.902
53394681443   1.242
53394681444   1.872
53394682333   2.193
53394682334   2.373
53394682343   2.153
53394682344   1.854
53394682433   1.774
53394682434   1.734
53394682443   2.024
53394682444   2.194
53394683333   2.094
53394683334   3.215
53394683343   3.026
53394683344   5.263
53394683433   5.269
53394683434   5.300
53394683443   5.278
53394683444   5.016
53394684333   5.050
53394684334   5.003
53394684343   5.338
53394684344   6.731
53394684433   6.318
53394684434   6.180
53394684443   6.130
53394684444   5.777
53394685333   5.297
53394685334   5.973
53394685343   6.697
53394685344   6.646
53394685433   5.942
53394685434   3.611
53394681342   0.650
53394681431   0.751
53394681432   0.532
53394681441   0.812
53394681442   1.342
53394682331   1.782
53394682332   2.383
53394682341   2.003
53394682342   1.784
53394682431   1.614
53394682432   1.424
53394682441   1.744
53394682442   2.024
53394683331   0.455
53394683332   0.387
53394683341   1.115
53394683342   2.500
53394683431   5.033
53394683432   5.344
53394683441   5.541
53394683442   5.359
53394684331   5.249
53394684332   4.706
53394684341   5.598
53394684342   7.471
53394684431   6.148
53394684432   5.563
53394684441   5.657
53394684442   5.319
53394685331   4.403
53394685332   4.520
53394685341   5.353
53394685342   6.419
53394685431   6.063
53394685432   3.397
53394681324   0.290
53394681413   0.621
53394681414   0.471
53394681423   0.322
53394681424   0.853
53394682313   1.423
53394682314   2.193
53394682323   2.073
53394682324   1.834
53394682413   1.494
53394682414   1.265
53394682423   1.485
53394682424   1.964
53394683313   1.015
53394683324   1.129
53394683413   3.818
53394683414   4.787
53394683423   5.206
53394683424   5.435
53394684313   5.415
53394684314   4.818
53394684323   5.449
53394684324   6.102
53394684413   5.941
53394684414   5.458
53394684423   5.359
53394684424   4.862
53394685313   4.024
53394685314   2.020
53394685323   3.052
53394685324   5.302
53394685413   5.268
53394685414   0.243
53394681322   0.091
53394681411   0.451
53394681412   0.111
53394681421   0.172
53394681422   0.563
53394682311   0.973
53394682312   1.624
53394682321   2.234
53394682322   1.904
53394682411   1.435
53394682412   1.365
53394682421   1.395
53394682422   1.785
53394683311   0.084
53394683321   0.659
53394683322   2.019
53394683411   1.252
53394683412   3.987
53394683421   4.750
53394683422   4.846
53394684311   4.696
53394684312   4.477
53394684321   5.431
53394684322   5.806
53394684411   5.366
53394684412   5.126
53394684421   4.776
53394684422   4.445
53394685311   2.123
53394685312   0.675
53394685321   0.415
53394685322   4.360
53394685411   4.316
53394685412   0.156
53394681233   0.291
53394681234   0.041
53394681243   0.153
53394681244   0.323
53394682133   0.813
53394682134   1.234
53394682143   1.825
53394682144   1.885
53394682233   1.565
53394682234   1.566
53394682243   1.436
53394682244   1.956
53394683134   0.429
53394683143   2.779
53394683144   2.459
53394683234   0.851
53394683243   2.710
53394683244   3.878
53394684133   2.956
53394684134   4.187
53394684143   5.215
53394684144   5.024
53394684233   4.734
53394684234   4.383
53394684243   2.428
53394684244   3.660
53394685133   3.491
53394685134   3.046
53394685143   2.859
53394685144   2.261
53394685233   0.116
53394685234   0.930
53394685243   0.270
53394681231   0.351
53394681232   0.171
53394682131   0.284
53394682132   0.915
53394682141   1.545
53394682142   1.866
53394682231   1.666
53394682232   1.666
53394682241   1.617
53394682242   1.907
53394683131   1.529
53394683132   3.359
53394683141   2.989
53394683142   2.839
53394683231   0.949
53394683232   1.230
53394683241   2.631
53394683242   3.161
53394684131   2.071
53394684132   3.001
53394684141   3.223
53394684142   3.020
53394684231   2.745
53394684232   2.387
53394684241   2.374
53394684242   4.111
53394685131   4.172
53394685132   4.164
53394685141   3.502
53394685142   2.313
53394685231   0.092
53394685241   0.579
53394681213   0.021
53394681214   0.221
53394681223   0.083
53394682113   0.266
53394682114   0.976
53394682123   1.446
53394682124   1.946
53394682213   1.847
53394682214   1.817
53394682223   1.807
53394682224   2.088
53394683113   4.579
53394683114   3.949
53394683123   3.269
53394683124   3.239
53394683213   2.879
53394683214   2.180
53394683223   2.781
53394683224   2.741
53394684113   2.761
53394684114   3.031
53394684123   2.363
53394684124   2.190
53394684213   2.397
53394684214   2.539
53394684223   3.476
53394684224   4.023
53394685113   3.603
53394685114   3.937
53394685123   3.668
53394685124   2.804
53394685213   0.069
53394685214   0.053
53394685223   0.763
53394681221   0.166
53394681222   0.296
53394682111   0.676
53394682112   1.166
53394682121   1.196
53394682122   1.576
53394682211   1.867
53394682212   2.048
53394682221   1.898
53394682222   2.008
53394683111   2.819
53394683112   3.209
53394683121   3.299
53394683122   3.229
53394683211   2.890
53394683212   2.470
53394683221   3.221
53394683222   2.861
53394684111   3.081
53394684112   3.231
53394684121   2.642
53394684122   2.195
53394684211   2.529
53394684212   3.328
53394684221   3.760
53394684222   3.298
53394685111   3.067
53394685112   2.949
53394685121   3.436
53394685122   2.982
53394685221   0.559
53394671434   0.096
53394671443   0.266
53394671444   0.486
53394672333   0.656
53394672334   1.147
53394672343   1.317
53394672344   1.297
53394672433   1.727
53394672434   1.998
53394672443   1.988
53394672444   1.949
53394673333   2.549
53394673334   2.930
53394673343   2.989
53394673344   2.999
53394673433   2.590
53394673434   2.411
53394673443   2.861
53394673444   2.881
53394674333   3.221
53394674334   3.681
53394674343   3.054
53394674344   2.765
53394674433   2.800
53394674434   3.551
53394674443   3.971
53394674444   3.317
53394675333   3.225
53394675334   2.478
53394675343   2.929
53394675344   3.013
53394675443   0.454
53394675444   0.215
53394671432   0.856
53394671441   0.556
53394671442   0.406
53394672331   0.457
53394672332   0.917
53394672341   1.307
53394672342   1.377
53394672431   1.858
53394672432   2.218
53394672441   2.338
53394672442   2.319
53394673331   2.549
53394673332   2.720
53394673341   2.610
53394673342   2.740
53394673431   2.870
53394673432   2.651
53394673441   2.930
53394673442   3.261
53394674331   3.341
53394674332   3.681
53394674341   3.096
53394674342   3.067
53394674431   3.228
53394674432   3.439
53394674441   3.405
53394674442   2.771
53394675331   2.402
53394675332   2.214
53394675341   2.501
53394675441   0.532
53394675442   0.129
53394671414   1.656
53394671423   0.586
53394671424   0.176
53394672313   0.557
53394672314   0.627
53394672323   1.007
53394672324   1.377
53394672413   1.762
53394672414   2.488
53394672423   2.499
53394672424   2.459
53394673313   2.589
53394673314   2.570
53394673323   2.660
53394673324   2.840
53394673413   2.950
53394673414   2.660
53394673423   3.081
53394673424   3.241
53394674313   3.601
53394674314   3.571
53394674323   3.095
53394674324   3.249
53394674413   3.538
53394674414   3.611
53394674423   3.452
53394674424   2.570
53394675313   1.638
53394675314   2.202
53394675323   2.388
53394675423   0.532
53394675424   0.308
53394676313   0.304
53394671421   0.286
53394671422   0.400
53394672311   0.400
53394672312   0.610
53394672321   0.780
53394672322   1.040
53394672411   1.377
53394672412   2.330
53394672421   2.219
53394672422   2.452
53394673311   2.569
53394673312   2.482
53394673321   2.523
53394673322   2.670
53394673411   2.930
53394673412   2.500
53394673421   3.360
53394673422   3.390
53394674311   3.541
53394674312   3.325
53394674321   3.225
53394674322   3.446
53394674411   3.539
53394674412   3.507
53394674421   3.487
53394674422   2.766
53394675311   2.668
53394675312   2.827
53394675412   0.704
53394675421   0.670
53394675422   0.676
53394676311   0.714
53394671244   0.120
53394672133   0.180
53394672134   0.480
53394672143   0.710
53394672144   1.040
53394672233   1.030
53394672234   1.920
53394672243   2.330
53394672244   2.355
53394673133   2.401
53394673134   2.426
53394673143   2.399
53394673144   2.350
53394673233   2.670
53394673234   2.493
53394673243   3.341
53394673244   3.441
53394674133   3.333
53394674134   3.345
53394674143   3.448
53394674144   3.438
53394674233   3.208
53394674234   3.157
53394674243   3.770
53394674244   3.536
53394675133   3.105
53394675233   0.611
53394675234   0.762
53394675243   0.704
53394675244   0.883
53394676133   0.962
53394676134   0.611
53394671242   0.120
53394672131   0.170
53394672132   0.330
53394672141   0.661
53394672142   1.080
53394672231   0.900
53394672232   1.521
53394672241   2.121
53394672242   2.181
53394673131   2.092
53394673132   2.242
53394673141   2.261
53394673142   2.141
53394673231   1.912
53394673232   2.768
53394673241   4.035
53394673242   3.363
53394674131   3.364
53394674132   3.385
53394674141   3.337
53394674142   3.437
53394674231   3.338
53394674232   3.188
53394674241   3.457
53394674242   3.257
53394675131   2.786
53394675231   0.720
53394675232   0.761
53394675241   0.702
53394675242   0.832
53394676131   0.852
53394676132   0.611
53394676141   0.161
53394672113   0.030
53394672114   0.190
53394672123   0.471
53394672124   0.870
53394672213   0.750
53394672214   1.391
53394672223   1.961
53394672224   1.991
53394673113   1.791
53394673114   2.051
53394673123   2.092
53394673124   2.012
53394673213   1.112
53394673214   2.453
53394673223   3.216
53394673224   3.393
53394674113   3.435
53394674114   3.387
53394674123   3.387
53394674124   3.366
53394674213   2.495
53394674214   2.888
53394674223   2.656
53394674224   2.868
53394675113   2.637
53394675124   0.119
53394675213   0.639
53394675214   0.659
53394675223   0.690
53394675224   0.650
53394676113   0.600
53394676114   0.598
53394672112   0.110
53394672121   0.381
53394672122   0.721
53394672211   0.981
53394672212   1.281
53394672221   1.681
53394672222   2.011
53394673111   1.761
53394673112   1.862
53394673121   1.902
53394673122   1.752
53394673211   1.452
53394673212   2.214
53394673221   2.483
53394673222   3.316
53394674111   3.245
53394674112   3.217
53394674121   3.506
53394674122   3.427
53394674211   3.197
53394674212   3.195
53394674221   3.138
53394674222   2.475
53394675111   2.326
53394675211   0.616
53394675212   0.676
53394675221   0.568
53394675222   0.398
53394676111   0.306
53394676112   0.562
53394676122   1.430
53394662343   0.140
53394662344   0.431
53394662433   0.821
53394662434   1.151
53394662443   1.460
53394662444   1.720
53394663333   0.561
53394663334   1.751
53394663343   1.712
53394663344   1.702
53394663433   2.234
53394663434   2.494
53394663443   2.034
53394663444   3.039
53394664333   3.275
53394664334   3.186
53394664343   3.215
53394664344   3.295
53394664433   3.428
53394664434   3.425
53394664443   3.647
53394664444   2.336
53394665333   2.385
53394665433   0.532
53394665434   0.612
53394665443   0.323
53394665444   0.122
53394666333   0.272
53394666334   0.470
53394666343   0.213
53394666344   0.130
53394662342   0.210
53394662431   0.461
53394662432   0.821
53394662441   0.990
53394662442   1.201
53394663331   1.051
53394663332   1.461
53394663341   1.672
53394663342   2.213
53394663431   2.374
53394663432   2.724
53394663441   2.255
53394663442   2.266
53394664331   3.126
53394664332   3.246
53394664341   3.027
53394664342   3.057
53394664431   3.277
53394664432   3.579
53394664441   3.345
53394664442   2.657
53394665331   2.647
53394665342   0.137
53394665431   0.424
53394665432   0.535
53394665441   0.251
53394665442   0.171
53394666331   0.320
53394666332   0.330
53394666341   0.178
53394666342   0.447
53394666431   0.320
53394662413   0.170
53394662414   0.200
53394662423   0.721
53394662424   0.961
53394663313   1.172
53394663314   1.462
53394663323   2.123
53394663324   2.404
53394663413   2.304
53394663414   2.604
53394663423   2.485
53394663424   2.084
53394664313   2.646
53394664314   2.756
53394664323   2.576
53394664324   2.848
53394664413   3.376
53394664414   3.547
53394664423   3.375
53394664424   2.966
53394665313   2.929
53394665324   0.324
53394665413   0.476
53394665414   0.456
53394665423   0.295
53394665424   0.226
53394666313   0.299
53394666314   0.077
53394666324   0.145
53394666413   0.387
53394666414   0.438
53394666423   0.077
53394662421   0.262
53394662422   0.742
53394663311   1.732
53394663312   2.112
53394663321   2.152
53394663322   2.383
53394663411   2.325
53394663412   2.513
53394663421   1.804
53394663422   1.824
53394664311   1.805
53394664312   2.765
53394664321   2.615
53394664322   2.964
53394664411   3.380
53394664412   3.478
53394664421   3.195
53394664422   2.594
53394665311   2.436
53394665322   0.341
53394665411   0.360
53394665412   0.194
53394665421   0.378
53394665422   0.417
53394666311   0.368
53394666312   0.039
53394666322   0.288
53394666411   0.138
53394666412   0.485
53394666421   0.174
53394662244   0.862
53394663133   2.212
53394663134   2.653
53394663143   2.443
53394663144   2.333
53394663233   2.524
53394663234   2.614
53394663243   1.513
53394663244   1.403
53394664133   1.804
53394664134   2.555
53394664143   2.725
53394664144   2.944
53394664233   3.457
53394664234   3.367
53394664243   3.134
53394664244   2.394
53394665144   0.225
53394665233   0.246
53394665234   0.218
53394665243   0.443
53394665244   0.244
53394666133   0.204
53394666143   0.194
53394666144   0.414
53394666233   0.294
53394666234   0.604
53394666243   0.504
53394662241   0.031
53394662242   1.012
53394663131   2.403
53394663132   2.734
53394663141   2.594
53394663142   2.463
53394663231   2.604
53394663232   2.544
53394663241   1.903
53394663242   1.953
53394664131   2.224
53394664132   2.395
53394664141   2.534
53394664142   2.946
53394664231   3.519
53394664232   3.426
53394664241   3.215
53394664242   2.554
53394665142   0.059
53394665231   0.287
53394665232   0.267
53394665241   0.315
53394665242   0.225
53394666131   0.105
53394666132   0.376
53394666141   0.444
53394666142   0.603
53394666231   0.763
53394666232   0.833
53394666241   0.723
53394666242   0.363
53394662223   0.171
53394662224   1.451
53394663113   2.372
53394663114   2.623
53394663123   2.703
53394663124   2.563
53394663213   2.744
53394663214   2.805
53394663223   2.376
53394663224   2.585
53394664113   2.774
53394664114   2.615
53394664123   2.605
53394664124   2.944
53394664213   3.505
53394664214   3.534
53394664223   3.074
53394664224   2.875
53394665124   0.114
53394665213   0.135
53394665214   0.257
53394665223   0.479
53394665224   0.298
53394666113   0.234
53394666114   0.354
53394666123   0.613
53394666124   0.503
53394666213   0.783
53394666214   0.693
53394666223   0.533
53394666224   0.543
53394667113   0.263
53394662221   0.291
53394662222   1.762
53394663111   2.483
53394663112   2.503
53394663121   2.693
53394663122   2.873
53394663211   2.844
53394663212   2.474
53394663221   2.495
53394663222   2.806
53394664111   2.814
53394664112   2.575
53394664121   2.345
53394664122   2.696
53394664211   3.309
53394664212   2.897
53394664221   2.607
53394664222   3.006
53394665121   0.013
53394665122   0.034
53394665212   0.349
53394665221   0.436
53394665222   0.258
53394666111   0.468
53394666112   0.433
53394666121   0.752
53394666122   0.882
53394666211   0.913
53394666212   0.703
53394666221   0.113
53394666222   0.653
53394667111   0.563
53394667112   0.063
53394652443   0.892
53394652444   2.224
53394653333   2.524
53394653334   2.503
53394653343   2.494
53394653344   2.735
53394653433   2.795
53394653434   2.663
53394653443   2.594
53394653444   2.795
53394654333   2.794
53394654334   2.244
53394654343   2.385
53394654344   1.745
53394654433   2.607
53394654434   1.896
53394654443   2.245
53394654444   3.045
53394655434   0.218
53394655443   0.364
53394655444   0.254
53394656333   0.514
53394656334   0.712
53394656343   0.892
53394656344   0.862
53394656433   0.732
53394656434   0.543
53394656443   0.213
53394656444   0.123
53394657334   0.303
53394652441   1.702
53394652442   2.253
53394653331   2.484
53394653332   2.424
53394653341   2.454
53394653342   2.464
53394653431   2.734
53394653432   2.734
53394653441   2.745
53394653442   2.864
53394654331   2.334
53394654332   1.363
53394654341   2.054
53394654342   0.883
53394654431   1.963
53394654432   1.463
53394654441   2.684
53394655432   0.199
53394655441   0.201
53394655442   0.234
53394656331   0.611
53394656332   0.871
53394656341   0.901
53394656342   0.601
53394656431   0.461
53394656432   0.322
53394656441   0.393
53394652414   0.601
53394652423   1.852
53394652424   2.273
53394653313   2.484
53394653314   2.484
53394653323   2.514
53394653324   2.353
53394653413   2.383
53394653414   2.544
53394653423   2.655
53394653424   2.674
53394654313   2.033
53394654314   1.154
53394654323   1.392
53394654413   0.011
53394654414   1.462
53394654423   3.133
53394655324   0.158
53394655413   0.328
53394655414   0.320
53394655423   0.147
53394655424   0.381
53394656313   0.680
53394656314   0.839
53394656323   0.799
53394656324   0.539
53394656413   0.369
53394652412   0.922
53394652421   1.912
53394652422   2.284
53394653311   2.434
53394653312   2.343
53394653321   2.504
53394653322   2.374
53394653411   2.445
53394653412   2.474
53394653421   2.734
53394653422   2.444
53394654311   1.763
53394654312   1.343
53394654321   1.461
53394654322   0.361
53394654411   0.362
53394654412   1.544
53394655321   0.016
53394655322   0.028
53394655411   0.148
53394655412   0.207
53394655421   0.101
53394655422   0.429
53394656311   0.598
53394656312   0.777
53394656321   0.716
53394656322   0.545
53394656411   0.274
53394652234   1.432
53394652243   1.863
53394652244   2.294
53394653133   2.595
53394653134   2.563
53394653143   2.345
53394653144   2.224
53394653233   2.375
53394653234   2.385
53394653243   2.314
53394653244   1.783
53394654133   1.133
53394654134   1.233
53394654143   1.152
53394654144   0.151
53394654233   0.531
53394655233   0.123
53394655234   0.243
53394655243   0.051
53394655244   0.208
53394656133   0.506
53394656134   0.694
53394656143   0.723
53394656144   0.531
53394656233   0.326
53394657143   0.077
53394657144   0.377
53394652231   0.542
53394652232   1.362
53394652241   1.542
53394652242   2.174
53394653131   2.524
53394653132   2.553
53394653141   2.424
53394653142   2.204
53394653231   2.284
53394653232   2.435
53394653241   2.113
53394653242   1.632
53394654131   0.783
53394654132   1.052
53394654141   0.901
53394654142   0.101
53394654231   1.551
53394655142   0.169
53394655231   0.149
53394655232   0.171
53394656131   0.271
53394656132   0.550
53394656141   0.688
53394656142   0.354
53394656231   0.487
53394657141   0.427
53394657142   1.107
53394657231   1.027
53394657232   0.687
53394652213   1.342
53394652214   1.503
53394652223   1.482
53394652224   2.043
53394653113   2.475
53394653114   2.574
53394653123   2.344
53394653124   2.354
53394653213   2.204
53394653214   2.354
53394653223   2.504
53394653224   1.042
53394654113   0.242
53394654114   0.653
53394654123   1.181
53394654124   0.972
53394655213   0.227
53394655214   0.126
53394655223   0.041
53394655224   0.178
53394656113   0.367
53394656114   0.484
53394656123   0.561
53394656124   0.354
53394656213   0.671
53394656214   0.228
53394657123   0.587
53394657124   1.167
53394657213   1.187
53394657214   1.047
53394657223   0.097
53394652211   1.482
53394652212   1.602
53394652221   1.673
53394652222   2.083
53394653111   2.265
53394653112   2.544
53394653121   2.254
53394653122   2.164
53394653211   1.993
53394653212   2.003
53394653221   1.602
53394653222   0.683
53394654111   0.312
53394654112   0.021
53394654121   2.011
53394655211   0.165
53394655212   0.284
53394655221   0.253
53394655222   0.228
53394656111   0.285
53394656112   0.417
53394656121   0.480
53394656122   0.456
53394656211   0.575
53394656212   0.180
53394656221   0.234
53394657122   0.587
53394657211   1.277
53394657212   1.057
53394657221   0.697
53394657222   0.227
53394642344   1.142
53394642433   1.522
53394642434   1.642
53394642443   1.753
53394642444   1.674
53394643333   2.053
53394643334   2.364
53394643343   2.154
53394643344   1.943
53394643433   1.662
53394643434   1.242
53394643443   0.632
53394643444   0.182
53394644333   0.131
53394645433   0.155
53394645434   0.254
53394645443   0.243
53394646334   0.365
53394646343   0.549
53394646344   0.437
53394646433   0.445
53394646434   0.143
53394646443   0.153
53394646444   0.390
53394647333   0.379
53394647334   0.318
53394647343   0.017
53394647433   0.807
53394647434   1.377
53394647443   1.057
53394647444   0.796
53394648333   0.446
53394642342   1.402
53394642431   1.503
53394642432   1.533
53394642441   1.653
53394642442   1.644
53394643331   1.893
53394643332   2.234
53394643341   2.034
53394643342   2.003
53394643431   1.732
53394643432   1.022
53394644331   0.651
53394644332   0.531
53394646332   0.227
53394646341   0.774
53394646342   0.691
53394646431   0.547
53394646432   0.528
53394646441   0.532
53394646442   0.710
53394647331   0.939
53394647332   1.738
53394647341   1.169
53394647431   0.967
53394647432   1.337
53394647441   1.407
53394647442   1.146
53394648331   0.716
53394648332   0.406
53394642323   1.422
53394642324   1.573
53394642413   1.533
53394642414   1.554
53394642423   1.893
53394642424   2.244
53394643313   2.244
53394643314   2.034
53394643323   2.234
53394643324   2.224
53394643413   1.873
53394643414   0.932
53394644313   1.611
53394646314   0.041
53394646323   0.811
53394646324   0.789
53394646413   0.844
53394646414   0.947
53394646423   0.841
53394646424   1.141
53394647313   1.400
53394647314   1.229
53394647413   1.187
53394647414   1.147
53394647423   1.356
53394647424   1.316
53394648313   1.055
53394648314   0.605
53394642312   0.341
53394642321   1.712
53394642322   1.612
53394642411   1.523
53394642412   1.844
53394642421   1.874
53394642422   1.974
53394643311   2.345
53394643312   2.143
53394643321   2.304
53394643322   2.505
53394643411   2.023
53394643412   0.792
53394643422   1.291
53394644311   2.541
53394646312   0.271
53394646321   0.641
53394646322   0.508
53394646411   0.523
53394646412   0.464
53394646421   0.970
53394646422   1.499
53394647311   1.380
53394647312   0.610
53394647321   0.183
53394647322   1.280
53394647411   1.018
53394647412   1.187
53394647421   1.246
53394647422   1.445
53394648311   1.375
53394648312   0.875
53394648321   0.445
53394642133   0.231
53394642134   0.872
53394642143   1.492
53394642144   1.473
53394642233   1.864
53394642234   2.044
53394642243   2.123
53394642244   2.324
53394643133   2.514
53394643134   2.563
53394643143   2.374
53394643144   2.524
53394643233   1.923
53394643234   0.772
53394643243   0.601
53394643244   2.081
53394646144   0.186
53394646233   0.402
53394646234   0.181
53394646243   0.989
53394646244   1.449
53394647133   0.490
53394647134   0.256
53394647143   1.452
53394647144   1.430
53394647233   1.029
53394647234   1.126
53394647243   1.225
53394647244   1.515
53394648133   1.515
53394648134   1.025
53394648143   0.465
53394642131   0.561
53394642132   0.912
53394642141   1.412
53394642142   1.593
53394642231   1.963
53394642232   2.033
53394642241   2.183
53394642242   2.254
53394643131   2.475
53394643132   2.453
53394643141   2.324
53394643142   2.514
53394643231   1.942
53394643232   0.571
53394643241   1.361
53394643242   2.581
53394646231   0.312
53394646241   0.709
53394646242   0.649
53394647132   1.081
53394647141   1.671
53394647142   1.710
53394647231   1.299
53394647232   1.285
53394647241   1.525
53394647242   1.685
53394648131   1.665
53394648132   1.305
53394648141   0.735
53394648142   0.425
53394641224   0.131
53394642113   0.511
53394642114   1.012
53394642123   1.563
53394642124   1.643
53394642213   1.643
53394642214   1.683
53394642223   1.884
53394642224   2.043
53394643113   2.505
53394643114   2.403
53394643123   2.203
53394643124   2.234
53394643213   1.802
53394643214   0.922
53394643223   0.702
53394643224   1.472
53394645224   0.203
53394646113   0.293
53394646214   0.030
53394646223   0.899
53394646224   0.341
53394647114   1.531
53394647123   1.471
53394647124   0.951
53394647213   1.515
53394647214   1.535
53394647223   1.595
53394647224   1.855
53394648113   1.725
53394648114   1.455
53394648123   0.975
53394648124   0.325
53394642111   0.271
53394642112   0.842
53394642121   1.443
53394642122   1.463
53394642211   1.653
53394642212   1.744
53394642221   1.573
53394642222   1.673
53394643111   2.074
53394643112   1.883
53394643121   2.063
53394643122   1.923
53394643211   1.172
53394643212   1.132
53394643221   1.162
53394645222   0.063
53394646111   0.193
53394646112   0.383
53394646121   0.083
53394646221   0.800
53394647111   0.060
53394647112   1.261
53394647121   1.371
53394647122   0.735
53394647211   1.045
53394647212   1.415
53394647221   1.634
53394647222   1.965
53394648111   1.665
53394648112   1.345
53394648121   1.075
53394648122   0.265
53394631444   0.121
53394632333   0.472
53394632334   0.933
53394632343   1.453
53394632344   1.413
53394632433   1.523
53394632434   1.914
53394632443   1.482
53394632444   1.502
53394633333   1.593
53394633334   1.232
53394633343   1.732
53394633344   1.343
53394633433   0.731
53394633434   1.002
53394633443   1.492
53394635444   0.093
53394636333   0.223
53394636334   0.373
53394636343   0.413
53394636344   0.353
53394636433   0.113
53394637334   0.791
53394637343   1.091
53394637344   0.585
53394637433   0.785
53394637434   1.525
53394637443   1.785
53394637444   1.875
53394638333   1.665
53394638334   1.435
53394638343   1.184
53394638344   0.264
53394638433   0.274
53394631442   0.081
53394632331   0.491
53394632332   0.832
53394632341   1.323
53394632342   1.263
53394632431   0.862
53394632432   1.272
53394632441   1.333
53394632442   1.603
53394633331   1.562
53394633332   0.962
53394633341   1.282
53394633342   1.242
53394633431   0.712
53394633432   1.181
53394633441   1.582
53394636332   0.373
53394636341   0.483
53394636342   0.293
53394636431   0.323
53394636432   0.753
53394636441   0.853
53394636442   0.783
53394637341   0.421
53394637431   0.434
53394637432   1.235
53394637441   1.805
53394637442   1.795
53394638331   1.744
53394638332   1.565
53394638341   1.284
53394638342   0.704
53394638431   0.354
53394632313   0.361
53394632314   0.652
53394632323   1.223
53394632324   1.323
53394632413   1.132
53394632414   1.122
53394632423   1.242
53394632424   1.422
53394633313   1.292
53394633314   1.352
53394633323   1.412
53394633324   0.862
53394633413   0.862
53394633414   1.841
53394636314   0.093
53394636323   0.393
53394636324   0.563
53394636413   0.503
53394636414   0.813
53394636423   0.923
53394636424   0.683
53394637324   0.015
53394637413   0.092
53394637414   0.265
53394637423   1.175
53394637424   1.725
53394638313   1.614
53394638314   1.544
53394638323   1.184
53394638324   0.684
53394638413   0.394
53394631422   0.222
53394632311   0.211
53394632312   0.612
53394632321   1.203
53394632322   0.673
53394632411   0.483
53394632412   1.152
53394632421   1.062
53394632422   1.172
53394633311   1.102
53394633312   0.962
53394633321   1.102
53394633322   0.912
53394633411   1.042
53394633412   1.832
53394636321   0.233
53394636322   0.363
53394636411   0.333
53394636412   0.753
53394636421   0.773
53394636422   0.433
53394637311   0.063
53394637312   1.463
53394637321   0.924
53394637322   1.064
53394637411   0.774
53394637412   0.435
53394637421   0.264
53394637422   0.805
53394638311   1.494
53394638312   1.604
53394638321   1.274
53394638322   0.674
53394638411   0.444
53394631244   0.132
53394632133   0.032
53394632134   0.341
53394632143   0.792
53394632144   0.743
53394632233   0.322
53394632234   0.992
53394632243   0.842
53394632244   1.152
53394633133   0.942
53394633134   0.592
53394633143   1.222
53394633144   1.403
53394633233   1.122
53394636134   0.253
53394636143   0.293
53394636144   0.273
53394636233   0.413
53394636234   0.703
53394636243   0.913
53394636244   0.803
53394637133   0.763
53394637134   1.583
53394637143   1.694
53394637144   1.864
53394637233   1.644
53394637234   1.224
53394637243   0.595
53394637244   0.131
53394638133   1.044
53394638134   1.504
53394638143   1.094
53394638144   0.604
53394638233   0.494
53394632131   0.461
53394632132   0.631
53394632141   0.232
53394632142   0.752
53394632231   0.902
53394632232   0.371
53394632241   0.321
53394632242   0.721
53394633131   0.712
53394633132   0.331
53394633141   0.732
53394633142   1.612
53394633231   1.702
53394636132   0.333
53394636141   0.483
53394636142   0.463
53394636231   0.663
53394636232   0.953
53394636241   1.133
53394636242   1.713
53394637131   1.673
53394637132   1.723
53394637141   1.914
53394637142   2.094
53394637231   2.014
53394637232   1.784
53394637241   0.864
53394637242   0.427
53394638131   0.281
53394638132   0.824
53394638141   0.814
53394638142   0.534
53394638231   0.504
53394633113   0.782
53394633114   0.461
53394633123   1.342
53394633124   2.152
53394636113   0.163
53394636114   0.433
53394636123   0.663
53394636124   0.853
53394636213   1.113
53394636214   1.453
53394636223   1.383
53394636224   1.893
53394637113   1.613
53394637114   1.623
53394637123   1.633
53394637124   1.684
53394637213   1.694
53394637214   1.364
53394637223   0.904
53394638113   0.064
53394638114   0.834
53394638123   0.534
53394638124   0.464
53394638213   0.414
53394633121   1.742
53394633122   2.332
53394636111   0.373
53394636112   0.513
53394636121   0.713
53394636122   0.883
53394636211   1.103
53394636212   1.503
53394636221   1.493
53394636222   1.693
53394637111   1.543
53394637112   1.123
53394637121   1.203
53394637122   1.483
53394637211   1.134
53394637212   0.834
53394637221   0.734
53394638112   0.704
53394638121   0.504
53394626333   0.173
53394626334   0.183
53394626343   0.183
53394626344   0.633
53394626433   0.483
53394626434   0.993
53394626443   0.813
53394626444   1.373
53394627333   1.193
53394627334   0.543
53394627343   0.043
53394627344   1.143
53394627433   0.993
53394628334   0.294
53394628343   0.754
53394626342   0.063
53394626432   0.333
53394626441   0.163
53394626442   1.173
53394627331   1.183
53394627332   0.863
53394627341   0.943
53394627342   1.633
53394627431   1.703
53394627432   1.003
53394627441   0.573
53394626313   0.053
53394626323   0.533
53394626324   0.493
53394626413   0.083
53394626414   1.173
53394626423   1.373
53394626424   1.453
53394627313   1.413
53394627314   1.483
53394627323   1.773
53394627324   1.953
53394627413   1.863
53394627414   1.453
53394627423   1.053
53394626311   0.333
53394626312   0.173
53394626321   0.693
53394626322   0.633
53394626411   0.803
53394626412   1.423
53394626421   1.613
53394626422   1.583
53394627311   1.653
53394627312   1.873
53394627321   1.983
53394627322   2.043
53394627411   1.663
53394627412   1.143
53394627421   0.853
53394627422   0.203
53394626133   0.423
53394626143   0.583
53394626144   1.033
53394626233   1.193
53394626234   1.413
53394626243   1.613
53394626244   1.483
53394627133   1.633
53394627134   1.863
53394627143   1.883
53394627144   1.843
53394627233   1.773
53394627234   1.243
53394627243   1.073
53394627244   0.183
53394626131   0.663
53394626132   0.603
53394626141   0.513
53394626142   1.023
53394626231   1.013
53394626232   1.263
53394626241   1.583
53394626242   1.713
53394627131   1.593
53394627132   1.883
53394627141   1.953
53394627142   1.993
53394627231   2.033
53394627232   1.383
53394627241   0.363
53394626113   0.283
53394626123   0.463
53394626124   0.513
53394626214   1.123
53394626223   1.493
53394626224   1.603
53394627113   1.513
53394627114   1.823
53394627123   1.873
53394627124   1.783
53394627213   1.933
53394627214   1.353
53394627223   0.093
53394626121   0.313
53394626212   0.543
53394626221   0.923
53394626222   1.193
53394627111   1.193
53394627112   0.583
53394627121   1.263
53394627122   0.933
53394627211   0.923
53394616444   0.309
53394617334   0.053
53394616442   0.160
53394617331   0.131
53394616414   0.010
53394616423   0.058
53394616424   0.045
53394617313   0.174
53394617314   0.175
53394616412   0.046
53394616421   0.017
53394616422   0.013
53394617311   0.036
53394617312   0.320
53394616243   0.053
53394617133   0.266
53394617134   0.159
53394616242   0.273
53394617131   0.341
53394617132   0.060
53394616224   0.290
53394617113   0.282
53394616212   0.139
53394616222   0.468
53394617111   0.358
53394606433   0.279
53394606434   0.120
53394606443   0.281
53394606444   0.447
53394607333   0.427
53394606432   0.114
53394606441   0.119
53394606442   0.166
53394607331   0.107
