53395552241   1.244
53395552242   1.193
53395553131   0.794
53395553132   1.324
53395553141   1.984
53395553142   2.234
53395553231   1.624
53395553232   1.434
53395553241   1.384
53395553242   1.484
53395553113   1.664
53395553114   2.154
53395553123   2.694
53395553124   2.744
53395553213   2.144
53395553214   1.794
53395553223   1.844
53395553224   2.044
53395554113   1.684
53395554114   1.424
53395554123   1.494
53395555113   1.074
53395555123   2.154
53395555124   2.414
53395555213   2.864
53395555214   3.154
53395555223   2.774
53395553111   1.693
53395553112   2.304
53395553121   2.814
53395553122   2.814
53395553211   2.744
53395553212   2.554
53395553221   1.974
53395553222   2.384
53395554111   2.984
53395554112   2.744
53395554121   1.864
53395554122   2.014
53395554211   1.934
53395554212   1.504
53395554221   1.804
53395554222   2.414
53395555111   2.004
53395555112   1.054
53395555121   2.664
53395555122   2.924
53395555211   3.274
53395555212   3.684
53395555221   3.664
53395555222   3.204
53395556111   3.494
53395543333   1.633
53395543334   2.333
53395543343   2.524
53395543344   2.514
53395543433   2.484
53395543434   2.414
53395543443   2.034
53395543444   2.354
53395544333   3.024
53395544334   3.284
53395544343   2.754
53395544344   2.664
53395544433   2.604
53395544434   2.374
53395544443   2.944
53395544444   3.284
53395545333   2.574
53395545334   2.584
53395545343   3.074
53395545344   3.514
53395545433   3.854
53395545434   4.104
53395545443   3.754
53395545444   2.254
53395546333   2.994
53395546334   3.194
53395542342   0.072
53395542431   0.182
53395542432   0.122
53395542442   0.724
53395543331   1.393
53395543332   1.633
53395543341   1.614
53395543342   2.044
53395543431   1.624
53395543432   1.744
53395543441   1.844
53395543442   2.254
53395544331   2.944
53395544332   3.644
53395544341   3.534
53395544342   3.164
53395544431   2.754
53395544432   2.824
53395544441   3.244
53395544442   3.394
53395545331   2.644
53395545332   2.624
53395545341   3.324
53395545342   4.004
53395545431   4.264
53395545432   4.244
53395545441   4.024
53395545442   3.294
53395546331   3.114
53395546332   2.934
53395546341   3.014
53395542324   0.252
53395542413   0.542
53395542414   0.682
53395542423   0.723
53395542424   0.393
53395543313   0.203
53395543314   0.323
53395543323   0.335
53395543324   0.317
53395543424   1.744
53395544313   1.714
53395544314   2.124
53395544323   3.954
53395544324   2.594
53395544413   1.984
53395544414   2.504
53395544423   2.154
53395544424   2.484
53395545313   2.334
53395545314   3.054
53395545323   3.554
53395545324   3.884
53395545413   4.444
53395545414   4.254
53395545423   4.244
53395545424   3.584
53395546313   3.364
53395546314   3.124
53395546323   2.944
53395546324   2.804
53395542322   0.212
53395542411   0.672
53395542412   0.752
53395542421   0.862
53395542422   0.883
53395543311   0.603
53395543312   0.553
53395543321   0.555
53395543322   0.389
53395543411   0.102
53395543412   0.254
53395543421   0.326
53395543422   0.218
53395544311   0.288
53395544312   0.719
53395544321   1.499
53395544322   0.739
53395544411   0.299
53395544412   0.879
53395544421   0.719
53395544422   0.949
53395545311   0.609
53395545312   2.973
53395545321   3.824
53395545322   3.854
53395545411   3.774
53395545412   3.804
53395545421   3.984
53395545422   3.384
53395546311   3.194
53395546312   2.964
53395546321   2.864
53395546322   3.064
53395546411   2.224
53395542144   0.192
53395542233   0.422
53395542234   0.722
53395542243   0.883
53395542244   0.963
53395543133   0.803
53395543134   0.683
53395543143   0.634
53395543144   0.078
53395543233   0.508
53395543234   0.574
53395543243   0.626
53395543244   0.748
53395544133   0.818
53395544134   0.699
53395544143   0.969
53395544144   1.169
53395544233   0.889
53395544234   1.309
53395544243   1.289
53395544244   1.149
53395545133   0.859
53395545134   1.229
53395545143   3.354
53395545144   3.424
53395545233   3.114
53395545234   3.364
53395545243   3.614
53395545244   3.214
53395546133   2.934
53395546134   2.834
53395546143   2.914
53395546144   2.994
53395546233   2.884
53395546234   2.644
53395546243   1.864
53395542142   0.132
53395542231   0.052
53395542232   0.412
53395542241   0.493
53395542242   0.843
53395543131   0.843
53395543132   0.703
53395543141   0.583
53395543231   0.403
53395543232   0.365
53395543241   0.336
53395543242   0.248
53395544131   0.869
53395544132   1.039
53395544141   1.309
53395544142   0.949
53395544231   1.129
53395544232   1.449
53395544241   1.749
53395544242   1.699
53395545131   1.499
53395545132   1.599
53395545141   2.714
53395545142   3.914
53395545231   6.514
53395545232   6.854
53395545241   3.524
53395545242   3.254
53395546131   2.484
53395546132   2.244
53395546141   2.644
53395546142   2.954
53395546231   3.014
53395546232   3.284
53395546241   2.564
53395546242   1.574
53395547131   1.294
53395547132   1.304
53395542214   0.162
53395542223   0.012
53395542224   0.523
53395543113   0.713
53395543114   0.423
53395543123   0.023
53395543213   0.435
53395543214   0.217
53395543224   0.239
53395544113   0.909
53395544114   1.039
53395544123   1.179
53395544124   1.259
53395544213   1.629
53395544214   1.529
53395544223   1.639
53395544224   2.099
53395545113   1.939
53395545114   2.179
53395545123   1.469
53395545124   3.274
53395545213   5.184
53395545214   4.714
53395545223   3.624
53395545224   2.744
53395546113   2.464
53395546114   2.044
53395546123   2.764
53395546124   3.274
53395546213   3.194
53395546214   3.474
53395546223   1.494
53395546224   0.066
53395547113   0.956
53395547114   1.115
53395547123   1.025
53395547124   0.934
53395547213   0.933
53395547214   1.652
53395547223   2.181
53395547224   2.281
53395548113   2.120
53395548114   1.829
53395548124   0.000
53395542212   0.062
53395542222   0.493
53395543111   0.423
53395543112   0.353
53395543211   0.227
53395543212   0.658
53395543221   0.689
53395543222   0.879
53395544111   1.039
53395544112   1.039
53395544121   1.119
53395544122   1.609
53395544211   2.129
53395544212   1.989
53395544221   2.049
53395544222   2.119
53395545111   1.759
53395545112   1.589
53395545121   1.469
53395545122   3.244
53395545211   3.314
53395545212   3.474
53395545221   3.724
53395545222   2.594
53395546111   2.684
53395546112   2.714
53395546121   3.194
53395546122   3.364
53395546211   3.284
53395546212   3.174
53395546221   1.506
53395546222   1.386
53395547111   1.415
53395547112   1.456
53395547121   1.545
53395547122   0.954
53395547211   0.732
53395547212   1.392
53395547221   1.881
53395547222   2.041
53395548111   1.940
53395548112   1.715
53395548121   1.491
53395548122   1.180
53395532434   0.182
53395532443   0.202
53395532444   0.683
53395533333   0.523
53395533334   0.563
53395533433   0.268
53395533434   0.959
53395533443   1.079
53395533444   1.139
53395534333   1.089
53395534334   1.059
53395534343   1.569
53395534344   1.699
53395534433   2.039
53395534434   1.929
53395534443   1.949
53395534444   1.959
53395535333   1.879
53395535334   1.809
53395535343   1.569
53395535344   1.709
53395535433   3.384
53395535434   3.714
53395535443   3.424
53395535444   2.634
53395536333   2.864
53395536334   3.424
53395536343   3.664
53395536344   3.514
53395536433   3.234
53395536434   1.385
53395536443   0.907
53395536444   0.956
53395537333   0.786
53395537434   0.622
53395537443   1.362
53395537444   1.152
53395538333   1.091
53395538334   1.247
53395538343   1.351
53395538344   1.447
53395538433   1.727
53395538434   1.848
53395539333   2.704
53395532442   0.263
53395533431   0.119
53395533432   0.569
53395533441   0.749
53395533442   0.729
53395534331   0.949
53395534332   1.109
53395534341   1.499
53395534342   1.529
53395534431   1.699
53395534432   1.949
53395534441   2.009
53395534442   2.189
53395535331   2.159
53395535332   1.889
53395535341   1.649
53395535342   1.359
53395535431   2.724
53395535432   3.544
53395535441   3.394
53395535442   3.144
53395536331   2.634
53395536332   3.684
53395536341   3.744
53395536342   3.304
53395536431   1.076
53395536432   0.206
53395537432   0.102
53395537441   0.612
53395537442   0.644
53395538331   1.406
53395538332   1.566
53395538341   1.352
53395538342   1.386
53395538431   1.524
53395538432   1.673
53395538441   2.108
53395538442   2.543
53395539331   2.324
53395533423   0.059
53395533424   0.099
53395534313   0.659
53395534314   0.609
53395534323   0.979
53395534324   1.219
53395534413   1.269
53395534414   1.589
53395534423   1.409
53395534424   1.729
53395535313   1.809
53395535314   1.229
53395535323   1.149
53395535324   1.019
53395535413   1.019
53395535414   2.234
53395535423   2.964
53395535424   3.374
53395536313   3.374
53395536314   3.144
53395536323   2.724
53395536324   1.067
53395536413   0.217
53395537423   0.215
53395537424   0.779
53395538313   1.560
53395538314   1.972
53395538323   1.193
53395538324   1.269
53395538413   1.254
53395538414   1.475
53395538423   2.220
53395538424   2.573
53395539313   1.804
53395539314   0.686
53395534311   0.389
53395534312   0.409
53395534321   0.649
53395534322   0.829
53395534411   0.919
53395534412   1.099
53395534421   0.899
53395534422   1.279
53395535311   1.499
53395535312   1.079
53395535321   1.039
53395535322   1.139
53395535411   1.709
53395535412   1.599
53395535421   1.739
53395535422   3.014
53395536311   2.924
53395536312   2.524
53395536321   0.339
53395536322   0.158
53395537422   0.511
53395538311   1.313
53395538312   1.597
53395538321   1.243
53395538322   1.044
53395538411   1.065
53395538412   1.344
53395538421   2.402
53395538422   2.975
53395539311   2.726
53395539312   1.627
53395534134   0.059
53395534143   0.359
53395534144   0.379
53395534233   0.549
53395534234   0.829
53395534243   0.969
53395534244   1.049
53395535133   0.999
53395535134   0.769
53395535143   0.969
53395535144   0.929
53395535233   1.549
53395535234   1.899
53395535243   2.089
53395535244   0.899
53395538133   0.517
53395538134   1.095
53395538143   1.095
53395538144   0.948
53395538233   0.876
53395538234   1.210
53395538243   1.984
53395538244   2.946
53395539133   3.377
53395539134   2.818
53395539143   3.149
53395534231   0.139
53395534232   0.639
53395534241   0.749
53395534242   0.689
53395535131   0.709
53395535132   0.599
53395535141   0.769
53395535142   0.589
53395535231   0.389
53395535232   0.459
53395535241   0.879
53395535242   0.069
53395538131   0.247
53395538132   0.820
53395538141   0.940
53395538142   0.943
53395538231   0.907
53395538232   1.194
53395538241   1.867
53395538242   2.347
53395539131   3.038
53395539132   3.509
53395539141   3.219
53395534214   0.049
53395534223   0.179
53395534224   0.539
53395535113   0.809
53395535114   0.619
53395535123   0.539
53395538114   0.815
53395538123   0.945
53395538124   0.957
53395538213   1.214
53395538214   1.648
53395538223   2.248
53395538224   2.689
53395539113   2.599
53395539114   3.509
53395539123   3.439
53395539124   0.997
53395534222   0.069
53395535111   0.259
53395535112   0.399
53395535121   0.079
53395538112   0.372
53395538121   0.888
53395538122   1.235
53395538211   1.478
53395538212   2.199
53395538221   2.380
53395538222   2.840
53395539111   2.860
53395539112   3.280
53395539121   2.480
53395539122   1.367
53395528343   1.056
53395528344   1.348
53395528433   1.550
53395528434   1.931
53395528443   2.121
53395528444   2.441
53395529333   2.651
53395529334   3.180
53395529343   2.610
53395529344   2.038
53395529433   1.477
53395528332   0.149
53395528341   0.939
53395528342   1.261
53395528431   1.243
53395528432   1.303
53395528441   1.654
53395528442   2.123
53395529331   2.132
53395529332   3.082
53395529341   0.997
53395529342   2.017
53395529431   1.177
53395528314   0.041
53395528323   0.400
53395528324   0.795
53395528413   1.280
53395528414   1.360
53395528423   1.570
53395528424   2.168
53395529313   2.226
53395529314   1.762
53395529323   1.167
53395529324   2.037
53395529413   1.327
53395529414   1.547
53395528322   0.499
53395528411   1.239
53395528412   1.458
53395528421   1.817
53395528422   2.044
53395529311   1.732
53395529321   1.137
53395529322   1.938
53395529411   1.977
53395529412   2.337
53395528144   1.136
53395528233   1.895
53395528234   2.044
53395528243   2.263
53395528244   2.301
53395529133   1.518
53395529143   1.518
53395529144   1.508
53395529233   1.688
53395529234   2.337
53395529243   2.447
53395528142   1.538
53395528231   2.008
53395528232   1.857
53395528241   2.287
53395528242   2.256
53395529131   0.985
53395529141   1.487
53395529142   1.227
53395529231   1.077
53395529232   1.707
53395529241   1.747
53395529242   1.837
53395620131   1.607
53395528123   0.232
53395528124   1.400
53395528213   2.111
53395528214   1.981
53395528223   2.001
53395528224   2.291
53395529113   1.473
53395529123   1.007
53395529124   1.107
53395529213   0.887
53395529214   1.587
53395529223   1.547
53395529224   1.667
53395620113   1.327
53395620114   1.327
53395528122   1.182
53395528211   2.152
53395528212   2.354
53395528221   2.215
53395528222   2.466
53395529111   1.863
53395529112   0.794
53395529121   0.487
53395529122   0.447
53395529211   0.477
53395529212   1.357
53395529221   1.277
53395529222   1.637
53395620111   0.777
53395620112   1.137
53395620121   1.337
53395518344   0.562
53395518433   1.414
53395518434   2.186
53395518443   1.898
53395518444   1.181
53395519333   2.004
53395519334   1.784
53395519343   1.892
53395519344   1.233
53395519434   1.027
53395519443   1.297
53395519444   1.457
53395610333   0.577
53395610334   0.497
53395610343   0.887
53395610344   1.086
53395610433   1.436
53395518431   0.636
53395518432   1.419
53395518441   1.713
53395518442   1.223
53395519331   2.021
53395519332   1.788
53395519341   1.653
53395519342   0.976
53395519431   0.161
53395519432   2.259
53395519441   0.727
53395519442   0.977
53395610331   0.637
53395610332   0.207
53395610341   0.727
53395610342   0.636
53395610431   0.696
53395610432   1.585
53395518413   0.161
53395518414   0.884
53395518423   1.479
53395518424   1.819
53395519313   2.037
53395519314   1.763
53395519323   1.488
53395519324   0.948
53395519413   0.686
53395519414   1.119
53395519423   1.993
53395519424   2.644
53395610313   1.744
53395610314   1.485
53395610323   1.145
53395610324   1.915
53395610413   0.396
53395610414   0.182
53395610423   1.565
53395518412   0.477
53395518421   0.601
53395518422   1.314
53395519311   1.764
53395519312   1.900
53395519321   1.405
53395519322   0.905
53395519411   1.536
53395519412   2.189
53395519421   2.352
53395519422   2.204
53395610311   1.334
53395610312   1.335
53395610321   0.595
53395610322   0.915
53395610412   0.637
53395610421   1.407
53395518234   0.388
53395518244   0.583
53395519133   1.713
53395519134   1.816
53395519143   1.081
53395519144   0.856
53395519233   1.438
53395519234   1.990
53395519243   2.683
53395519244   2.484
53395610133   2.255
53395610134   1.185
53395610143   0.465
53395610144   0.305
53395610233   0.317
53395610234   0.697
53395610243   0.919
53395518232   0.038
53395518242   0.331
53395519131   1.820
53395519132   1.842
53395519141   1.065
53395519142   0.746
53395519231   0.819
53395519232   1.831
53395519241   2.424
53395519242   2.465
53395610131   2.215
53395610132   2.166
53395610141   1.616
53395610142   1.517
53395610231   0.817
53395610232   1.627
53395610241   0.784
53395518223   0.175
53395518224   0.404
53395519113   1.664
53395519114   1.685
53395519123   0.746
53395519213   0.040
53395519214   1.494
53395519223   2.035
53395519224   2.256
53395610113   2.116
53395610114   2.396
53395610123   2.477
53395610124   2.077
53395610213   1.987
53395610214   1.172
53395610223   0.825
53395518222   0.518
53395519111   1.488
53395519112   1.509
53395519121   0.670
53395519211   0.155
53395519212   1.486
53395519221   1.976
53395519222   2.177
53395610111   2.147
53395610112   2.427
53395610121   2.707
53395610122   2.447
53395610211   1.119
53395610212   0.799
53395610221   0.452
53395508444   0.223
53395509333   0.994
53395509334   1.045
53395509343   0.699
53395509433   0.048
53395509434   1.448
53395509443   1.788
53395509444   1.988
53395600333   2.227
53395600334   2.177
53395600343   1.797
53395600344   1.170
53395600433   1.259
53395600434   1.145
53395600443   0.920
53395600444   0.938
53395601333   0.850
53395508442   0.283
53395509331   1.106
53395509332   1.019
53395509341   0.607
53395509342   0.136
53395509431   0.417
53395509432   1.589
53395509441   2.089
53395509442   2.269
53395600331   1.939
53395600332   1.637
53395600341   0.800
53395600342   0.457
53395600431   1.260
53395600432   1.277
53395600441   1.130
53395600442   1.248
53395601331   0.638
53395601332   0.099
53395509313   0.855
53395509314   1.073
53395509323   1.146
53395509324   1.341
53395509413   1.368
53395509414   1.810
53395509423   2.181
53395509424   2.401
53395600313   2.061
53395600314   0.460
53395600324   0.459
53395600413   1.422
53395600414   1.319
53395600423   1.310
53395600424   1.079
53395601313   0.839
53395601314   0.547
53395601323   0.928
53395509311   0.521
53395509312   0.881
53395509321   1.081
53395509322   1.283
53395509411   1.648
53395509412   1.731
53395509421   2.112
53395509422   2.453
53395600311   1.604
53395600312   0.560
53395600322   0.877
53395600411   1.280
53395600412   1.328
53395600421   1.259
53395600422   1.188
53395601311   1.249
53395601312   1.088
53395601321   1.408
53395601322   1.497
53395603422   1.355
53395604311   1.465
53395604312   1.214
53395604321   0.975
53395509134   0.546
53395509143   0.695
53395509144   0.755
53395509233   1.460
53395509234   1.472
53395509243   1.113
53395509244   1.548
53395600133   1.785
53395600134   1.133
53395600144   0.680
53395600233   1.138
53395600234   1.307
53395600243   1.398
53395600244   1.418
53395601133   1.308
53395601134   1.308
53395601143   1.568
53395601144   1.817
53395601233   1.696
53395601234   1.496
53395603233   1.485
53395603234   2.305
53395603243   2.885
53395603244   3.075
53395604133   3.045
53395604134   2.725
53395604143   2.795
53395604144   1.935
53395604233   1.385
53395604234   0.061
53395509141   0.221
53395509142   0.647
53395509231   1.041
53395509232   1.056
53395509241   0.812
53395509242   1.239
53395600131   1.844
53395600132   1.499
53395600141   1.063
53395600142   1.455
53395600231   1.987
53395600232   0.950
53395600241   1.240
53395600242   1.059
53395601131   0.959
53395601132   0.788
53395601141   1.097
53395601142   1.237
53395601231   1.326
53395601232   1.966
53395601241   1.935
53395601242   1.905
53395602241   0.137
53395602242   0.110
53395603131   0.611
53395603132   1.690
53395603141   1.290
53395603142   0.536
53395603231   2.014
53395603232   2.825
53395603241   2.965
53395603242   2.945
53395604131   2.825
53395604132   2.564
53395604141   2.765
53395604142   2.585
53395604231   2.105
53395604232   1.985
53395604241   1.055
53395509124   0.027
53395509213   0.288
53395509214   0.839
53395509223   0.855
53395509224   1.638
53395600113   2.220
53395600114   2.332
53395600123   1.784
53395600124   0.675
53395600213   0.678
53395600214   0.941
53395600223   1.162
53395600224   0.662
53395601123   0.477
53395601124   0.647
53395601213   0.906
53395601214   1.456
53395601223   1.615
53395601224   1.714
53395602113   1.582
53395602114   1.700
53395602123   1.488
53395602124   1.706
53395602213   1.654
53395602214   0.669
53395602223   0.367
53395602224   0.728
53395603113   1.162
53395603114   2.110
53395603123   1.199
53395603124   1.467
53395603213   1.355
53395603214   2.625
53395603223   3.194
53395603224   3.014
53395604113   2.514
53395604114   2.555
53395604123   2.696
53395604124   2.715
53395604213   2.254
53395604214   2.775
53395604223   2.455
53395604224   1.525
53395509211   0.478
53395509212   1.118
53395509221   1.410
53395509222   2.321
53395600111   2.712
53395600112   2.833
53395600121   2.464
53395600122   1.736
53395600211   2.019
53395600212   2.212
53395600221   2.042
53395601111   0.368
53395601112   0.618
53395601121   1.667
53395601122   2.058
53395601211   2.198
53395601212   2.598
53395601221   2.638
53395601222   0.784
53395602111   0.702
53395602112   1.200
53395602121   0.669
53395602122   0.776
53395602211   0.715
53395603111   0.301
53395603112   1.272
53395603121   0.239
53395603122   2.074
53395603211   1.256
53395603212   2.406
53395603221   2.985
53395603222   2.836
53395604111   2.555
53395604112   2.555
53395604121   2.615
53395604122   2.724
53395604211   1.845
53395604212   2.704
53395604221   3.134
53395604222   2.915
53395605111   1.805
53394599433   1.060
53394599434   1.060
53394599443   1.812
53394599444   2.452
53394690333   2.483
53394690334   2.544
53394690343   2.315
53394690344   1.877
53394690433   2.060
53394690434   2.522
53394690443   2.713
53394690444   2.544
53394691333   2.574
53394691334   2.026
53394691343   2.118
53394691344   2.478
53394691433   2.338
53394691434   2.148
53394691443   2.238
53394691444   2.099
53394692333   2.429
53394692334   2.839
53394692343   2.439
53394692344   1.919
53394692433   3.299
53394692434   2.909
53394692443   2.729
53394692444   2.619
53394693333   2.969
53394693334   2.259
53394693343   2.079
53394693344   3.919
53394693433   1.454
53394693434   1.334
53394693443   2.685
53394693444   3.025
53394694333   2.474
53394694334   2.535
53394694343   2.605
53394694344   2.495
53394694433   1.595
53394694434   2.375
53394694443   3.044
53394694444   3.275
53394695333   2.985
53394695334   1.345
53394599431   0.320
53394599432   0.861
53394599441   2.022
53394599442   2.363
53394690331   2.243
53394690332   2.344
53394690341   2.216
53394690342   1.898
53394690431   2.001
53394690432   2.542
53394690441   2.733
53394690442   2.974
53394691331   2.726
53394691332   2.306
53394691341   2.637
53394691342   3.428
53394691431   3.498
53394691432   3.288
53394691441   3.538
53394691442   2.909
53394692331   1.529
53394692332   2.579
53394692341   2.379
53394692342   2.149
53394692431   3.909
53394692432   4.039
53394692441   3.969
53394692442   3.899
53394693331   3.829
53394693332   3.339
53394693341   3.259
53394693342   3.089
53394693431   1.005
53394693432   1.305
53394693441   2.435
53394693442   2.805
53394694331   2.675
53394694332   2.685
53394694341   2.275
53394694342   1.805
53394694431   1.405
53394694432   1.095
53394694441   2.595
53394694442   2.914
53394695331   3.244
53394695332   2.204
53394599414   0.601
53394599423   2.093
53394599424   2.153
53394690313   1.954
53394690314   1.955
53394690323   2.046
53394690324   1.909
53394690413   2.121
53394690414   2.463
53394690423   2.394
53394690424   2.394
53394691313   2.376
53394691314   2.647
53394691323   3.408
53394691324   3.638
53394691413   3.688
53394691414   3.768
53394691423   3.398
53394691424   3.268
53394692313   1.479
53394692314   1.989
53394692323   2.539
53394692324   3.119
53394692413   4.039
53394692414   4.029
53394692423   3.789
53394692424   3.799
53394693313   4.309
53394693314   4.709
53394693323   4.299
53394693324   3.299
53394693413   3.559
53394693414   1.615
53394693423   1.935
53394693424   2.925
53394694313   3.065
53394694314   3.025
53394694323   2.324
53394694324   1.415
53394694413   1.274
53394694414   1.245
53394694423   3.264
53394694424   3.095
53394695313   3.124
53394695314   2.924
53394695323   1.525
53394599421   1.413
53394599422   1.814
53394690311   1.554
53394690312   1.555
53394690321   1.667
53394690322   1.709
53394690411   2.321
53394690412   2.472
53394690421   2.313
53394690422   2.065
53394691311   2.065
53394691312   2.507
53394691321   3.328
53394691322   3.457
53394691411   3.798
53394691412   3.698
53394691421   3.328
53394691422   3.198
53394692311   2.919
53394692312   2.799
53394692321   3.469
53394692322   3.839
53394692411   4.069
53394692412   3.949
53394692421   3.549
53394692422   3.649
53394693311   4.319
53394693312   4.849
53394693321   4.749
53394693322   4.059
53394693411   4.059
53394693412   1.805
53394693421   1.475
53394693422   2.734
53394694311   2.944
53394694312   3.074
53394694321   2.625
53394694322   1.645
53394694411   2.095
53394694412   2.084
53394694421   3.765
53394694422   3.565
53394695311   3.055
53394695312   3.164
53394695321   2.285
53394695322   1.244
53394599244   0.844
53394690133   1.115
53394690134   1.086
53394690143   1.318
53394690144   1.300
53394690233   2.222
53394690234   2.433
53394690243   2.374
53394690244   2.355
53394691133   2.296
53394691134   2.627
53394691143   3.137
53394691144   3.097
53394691233   3.688
53394691234   3.508
53394691243   3.268
53394691244   3.309
53394692133   3.369
53394692134   3.389
53394692143   3.639
53394692144   3.799
53394692233   4.039
53394692234   3.909
53394692243   3.789
53394692244   3.889
53394693133   4.199
53394693134   4.629
53394693143   4.769
53394693144   4.389
53394693233   4.379
53394693234   1.905
53394693243   1.264
53394693244   2.144
53394694133   2.725
53394694134   2.725
53394694143   2.515
53394694144   1.855
53394694233   2.704
53394694234   2.905
53394694243   3.895
53394694244   3.625
53394695133   3.374
53394695134   3.414
53394695143   3.115
53394695144   1.995
53394690131   0.265
53394690132   0.656
53394690141   0.648
53394690142   0.661
53394690231   1.332
53394690232   2.053
53394690241   2.134
53394690242   2.155
53394691131   2.366
53394691132   2.696
53394691141   2.928
53394691142   2.898
53394691231   3.578
53394691232   3.388
53394691241   3.098
53394691242   3.299
53394692131   3.499
53394692132   3.389
53394692141   3.449
53394692142   3.659
53394692231   3.739
53394692232   3.769
53394692241   3.819
53394692242   3.939
53394693131   4.270
53394693132   4.659
53394693141   4.219
53394693142   2.225
53394693231   2.164
53394693232   1.774
53394693241   1.365
53394693242   1.985
53394694131   2.045
53394694132   2.245
53394694141   2.394
53394694142   2.065
53394694231   2.315
53394694232   2.904
53394694241   3.725
53394694242   3.475
53394695131   3.435
53394695132   3.514
53394695141   3.355
53394695142   2.905
53394690123   0.259
53394690124   0.251
53394690213   0.453
53394690214   1.093
53394690223   1.545
53394690224   1.495
53394691113   1.756
53394691114   2.257
53394691123   2.457
53394691124   2.228
53394691213   2.508
53394691214   2.748
53394691223   2.829
53394691224   3.229
53394692113   3.359
53394692114   3.119
53394692123   3.169
53394692124   3.119
53394692213   3.019
53394692214   3.209
53394692223   3.639
53394692224   3.759
53394693113   4.109
53394693114   4.179
53394693123   3.010
53394693124   2.175
53394693213   2.234
53394693214   1.895
53394693223   1.425
53394693224   2.154
53394694113   2.205
53394694114   2.015
53394694123   1.615
53394694124   1.985
53394694213   2.155
53394694214   2.774
53394694223   3.654
53394694224   3.535
53394695113   3.335
53394695114   3.584
53394695123   3.775
53394695124   3.405
53394695213   1.874
53394690122   0.182
53394690221   0.495
53394690222   0.846
53394691111   1.216
53394691112   1.657
53394691121   1.727
53394691122   1.198
53394691211   1.448
53394691212   1.738
53394691221   2.209
53394691222   2.779
53394692111   2.879
53394692112   2.789
53394692121   2.789
53394692122   2.659
53394692211   2.509
53394692212   2.569
53394692221   2.959
53394692222   3.149
53394693111   3.599
53394693112   3.689
53394693121   3.189
53394693122   2.014
53394693211   1.984
53394693212   1.607
53394693221   1.425
53394693222   1.394
53394694111   2.145
53394694112   2.245
53394694121   1.764
53394694122   2.645
53394694211   3.005
53394694212   3.124
53394694221   3.074
53394694222   3.085
53394695111   3.215
53394695112   3.825
53394695121   4.004
53394695122   3.474
53394695211   2.384
53394681334   0.527
53394681343   0.957
53394681344   1.238
53394681433   1.359
53394681434   1.488
53394681443   1.828
53394681444   2.459
53394682333   2.779
53394682334   2.959
53394682343   2.739
53394682344   2.440
53394682433   2.359
53394682434   2.319
53394682443   2.609
53394682444   2.779
53394683333   2.679
53394683334   3.799
53394683343   3.610
53394683344   1.885
53394683433   2.105
53394683434   1.965
53394683443   2.012
53394683444   1.794
53394684333   1.845
53394684334   1.795
53394684343   2.124
53394684344   3.485
53394684433   3.065
53394684434   2.975
53394684443   2.914
53394684444   2.524
53394685333   2.045
53394685334   2.605
53394685343   3.374
53394685344   3.375
53394685433   2.705
53394685434   0.394
53394681341   0.188
53394681342   1.238
53394681431   1.338
53394681432   1.119
53394681441   1.399
53394681442   1.929
53394682331   2.369
53394682332   2.969
53394682341   2.589
53394682342   2.370
53394682431   2.199
53394682432   2.009
53394682441   2.329
53394682442   2.610
53394683331   1.039
53394683332   0.970
53394683341   1.700
53394683342   3.080
53394683431   1.835
53394683432   2.026
53394683441   2.186
53394683442   2.094
53394684331   2.036
53394684332   1.495
53394684341   2.385
53394684342   4.225
53394684431   2.845
53394684432   2.334
53394684441   2.435
53394684442   2.024
53394685331   1.145
53394685332   1.174
53394685341   2.054
53394685342   3.175
53394685431   2.834
53394685432   0.184
53394681324   0.878
53394681413   1.209
53394681414   1.059
53394681423   0.909
53394681424   1.439
53394682313   2.009
53394682314   2.779
53394682323   2.659
53394682324   2.419
53394682413   2.080
53394682414   1.849
53394682423   2.070
53394682424   2.550
53394683313   1.599
53394683324   1.710
53394683413   0.577
53394683414   1.556
53394683423   2.005
53394683424   2.195
53394684313   2.205
53394684314   1.605
53394684323   2.235
53394684324   2.865
53394684413   2.714
53394684414   2.224
53394684423   2.135
53394684424   1.634
53394685313   0.794
53394685324   2.084
53394685413   2.054
53394681322   0.679
53394681411   1.039
53394681412   0.699
53394681421   0.759
53394681422   1.149
53394682311   1.559
53394682312   2.209
53394682321   2.819
53394682322   2.490
53394682411   2.020
53394682412   1.950
53394682421   1.980
53394682422   2.370
53394683311   0.670
53394683321   1.240
53394683322   2.602
53394683411   1.830
53394683412   0.716
53394683421   1.536
53394683422   1.635
53394684311   1.485
53394684312   1.265
53394684321   2.205
53394684322   2.575
53394684411   2.154
53394684412   1.915
53394684421   1.555
53394684422   1.224
53394685311   2.691
53394685312   1.231
53394685321   0.962
53394685322   1.144
53394685411   1.094
53394681233   0.879
53394681234   0.629
53394681243   0.739
53394681244   0.909
53394682133   1.400
53394682134   1.819
53394682143   2.410
53394682144   2.470
53394682233   2.150
53394682234   2.150
53394682243   2.020
53394682244   2.540
53394683134   1.012
53394683143   3.361
53394683144   3.040
53394683234   1.431
53394683243   3.291
53394683244   0.665
53394684134   0.975
53394684143   2.005
53394684144   1.815
53394684233   1.524
53394684234   1.174
53394684243   3.002
53394684244   4.232
53394685133   4.062
53394685134   3.611
53394685143   3.422
53394685144   2.831
53394681231   0.939
53394681232   0.759
53394681241   0.549
53394681242   0.359
53394682131   0.870
53394682132   1.500
53394682141   2.130
53394682142   2.450
53394682231   2.250
53394682232   2.250
53394682241   2.200
53394682242   2.490
53394683131   2.110
53394683132   3.939
53394683141   3.570
53394683142   3.421
53394683231   1.531
53394683232   1.810
53394683241   3.211
53394683242   3.741
53394684131   2.650
53394684132   3.580
53394684141   3.800
53394684142   3.583
53394684231   3.322
53394684232   2.961
53394684241   2.942
53394684242   4.682
53394685131   4.741
53394685132   4.732
53394685141   4.062
53394685142   2.882
53394681213   0.609
53394681214   0.809
53394681223   0.670
53394681224   0.400
53394682113   0.850
53394682114   1.560
53394682123   2.030
53394682124   2.531
53394682213   2.430
53394682214   2.400
53394682223   2.391
53394682224   2.670
53394683113   5.161
53394683114   4.531
53394683123   3.851
53394683124   3.821
53394683213   3.461
53394683214   2.761
53394683223   3.360
53394683224   3.321
53394684113   3.341
53394684114   3.612
53394684123   2.940
53394684124   2.752
53394684213   2.972
53394684214   3.112
53394684223   4.042
53394684224   4.592
53394685113   4.172
53394685114   4.501
53394685123   4.231
53394685124   3.372
53394681212   0.570
53394681221   0.750
53394681222   0.880
53394682111   1.260
53394682112   1.750
53394682121   1.780
53394682122   2.160
53394682211   2.450
53394682212   2.630
53394682221   2.480
53394682222   2.592
53394683111   3.401
53394683112   3.791
53394683121   3.880
53394683122   3.810
53394683211   3.471
53394683212   3.051
53394683221   3.800
53394683222   3.441
53394684111   3.661
53394684112   3.812
53394684121   3.220
53394684122   2.772
53394684211   3.102
53394684212   3.901
53394684221   4.332
53394684222   3.862
53394685111   3.632
53394685112   3.511
53394685121   4.002
53394685122   3.552
53394671434   0.680
53394671443   0.850
53394671444   1.070
53394672333   1.240
53394672334   1.730
53394672343   1.900
53394672344   1.880
53394672433   2.310
53394672434   2.580
53394672443   2.570
53394672444   2.531
53394673333   3.130
53394673334   3.511
53394673343   3.570
53394673344   3.582
53394673433   3.170
53394673434   2.990
53394673443   3.441
53394673444   3.461
53394674333   3.801
53394674334   4.260
53394674343   3.632
53394674344   3.342
53394674433   3.372
53394674434   4.122
53394674443   4.542
53394674444   3.881
53394675333   3.792
53394675334   3.042
53394675343   3.492
53394675344   3.582
53394671432   1.440
53394671441   1.140
53394671442   0.990
53394672331   1.040
53394672332   1.500
53394672341   1.890
53394672342   1.960
53394672431   2.441
53394672432   2.800
53394672441   2.920
53394672442   2.901
53394673331   3.131
53394673332   3.301
53394673341   3.190
53394673342   3.321
53394673431   3.450
53394673432   3.231
53394673441   3.511
53394673442   3.841
53394674331   3.921
53394674332   4.260
53394674341   3.672
53394674342   3.642
53394674431   3.801
53394674432   4.011
53394674441   3.972
53394674442   3.341
53394675331   2.972
53394675332   2.782
53394675341   3.071
53394671414   2.240
53394671423   1.170
53394671424   0.760
53394672313   1.140
53394672314   1.210
53394672323   1.590
53394672324   1.960
53394672413   2.335
53394672414   3.071
53394672423   3.080
53394672424   3.040
53394673313   3.170
53394673314   3.151
53394673323   3.240
53394673324   3.421
53394673413   3.530
53394673414   3.240
53394673423   3.660
53394673424   3.821
53394674313   4.181
53394674314   4.150
53394674323   3.672
53394674324   3.822
53394674413   4.112
53394674414   4.182
53394674423   4.022
53394674424   3.142
53394675313   2.211
53394675314   2.772
53394675323   2.962
53394671412   0.170
53394671421   0.870
53394671422   0.982
53394672311   0.981
53394672312   1.192
53394672321   1.362
53394672322   1.622
53394672411   1.956
53394672412   2.912
53394672421   2.799
53394672422   3.031
53394673311   3.151
53394673312   3.061
53394673321   3.101
53394673322   3.250
53394673411   3.511
53394673412   3.080
53394673421   3.940
53394673422   3.971
53394674311   4.122
53394674312   3.901
53394674321   3.802
53394674322   4.021
53394674411   4.111
53394674412   4.082
53394674421   4.062
53394674422   3.341
53394675311   3.241
53394675312   3.402
53394671243   0.540
53394671244   0.702
53394672133   0.761
53394672134   1.062
53394672143   1.291
53394672144   1.622
53394672233   1.611
53394672234   2.502
53394672243   2.913
53394672244   2.931
53394673133   2.982
53394673134   3.001
53394673143   2.971
53394673144   2.931
53394673233   3.251
53394673234   3.071
53394673243   3.921
53394673244   4.022
53394674133   3.911
53394674134   3.911
53394674143   4.022
53394674144   4.012
53394674233   3.782
53394674234   3.732
53394674243   4.342
53394674244   4.112
53394675133   3.682
53394671242   0.702
53394672131   0.751
53394672132   0.912
53394672141   1.242
53394672142   1.661
53394672231   1.482
53394672232   2.101
53394672241   2.701
53394672242   2.762
53394673131   2.672
53394673132   2.822
53394673141   2.841
53394673142   2.722
53394673231   2.492
53394673232   3.341
53394673241   4.612
53394673242   3.940
53394674131   3.942
53394674132   3.962
53394674141   3.912
53394674142   4.012
53394674231   3.912
53394674232   3.762
53394674241   4.031
53394674242   3.832
53394675131   3.362
53394671224   0.562
53394672113   0.612
53394672114   0.771
53394672123   1.052
53394672124   1.452
53394672213   1.332
53394672214   1.972
53394672223   2.542
53394672224   2.572
53394673113   2.371
53394673114   2.632
53394673123   2.672
53394673124   2.592
53394673213   1.692
53394673214   3.032
53394673223   3.792
53394673224   3.971
53394674113   4.011
53394674114   3.962
53394674123   3.962
53394674124   3.942
53394674213   3.072
53394674214   3.461
53394674223   3.232
53394674224   3.442
53394675113   3.211
53394671222   0.191
53394672111   0.402
53394672112   0.691
53394672121   0.962
53394672122   1.301
53394672211   1.561
53394672212   1.862
53394672221   2.262
53394672222   2.590
53394673111   2.342
53394673112   2.441
53394673121   2.482
53394673122   2.332
53394673211   2.031
53394673212   2.791
53394673221   3.061
53394673222   3.892
53394674111   3.822
53394674112   3.792
53394674121   4.081
53394674122   4.002
53394674211   3.772
53394674212   3.772
53394674221   3.712
53394674222   3.052
53394675111   2.902
53394662333   0.082
53394662334   0.512
53394662343   0.722
53394662344   1.011
53394662433   1.402
53394662434   1.731
53394662443   2.042
53394662444   2.302
53394663333   1.141
53394663334   2.332
53394663343   2.291
53394663344   2.281
53394663433   2.812
53394663434   3.071
53394663443   2.613
53394663444   3.612
53394664333   3.851
53394664334   3.761
53394664343   3.791
53394664344   3.873
53394664433   4.002
53394664434   4.001
53394664443   4.222
53394664444   2.913
53394665333   2.962
53394662342   0.792
53394662431   1.042
53394662432   1.402
53394662441   1.572
53394662442   1.782
53394663331   1.632
53394663332   2.041
53394663341   2.251
53394663342   2.792
53394663431   2.952
53394663432   3.302
53394663441   2.831
53394663442   2.841
53394664331   3.702
53394664332   3.822
53394664341   3.602
53394664342   3.632
53394664431   3.851
53394664432   4.152
53394664441   3.922
53394664442   3.232
53394665331   3.222
53394662413   0.752
53394662414   0.782
53394662423   1.301
53394662424   1.542
53394663313   1.751
53394663314   2.042
53394663323   2.702
53394663324   2.982
53394663413   2.882
53394663414   3.182
53394663423   3.062
53394663424   2.662
53394664313   3.222
53394664314   3.332
53394664323   3.152
53394664324   3.422
53394664413   3.952
53394664414   4.121
53394664423   3.951
53394664424   3.542
53394665313   3.502
53394662411   0.162
53394662412   0.222
53394662421   0.842
53394662422   1.321
53394663311   2.312
53394663312   2.692
53394663321   2.732
53394663322   2.962
53394663411   2.902
53394663412   3.092
53394663421   2.382
53394663422   2.402
53394664311   2.381
53394664312   3.342
53394664321   3.192
53394664322   3.541
53394664411   3.952
53394664412   4.052
53394664421   3.772
53394664422   3.172
53394665311   3.011
53394662243   0.552
53394662244   1.442
53394663133   2.792
53394663134   3.231
53394663143   3.021
53394663144   2.912
53394663233   3.102
53394663234   3.192
53394663243   2.092
53394663244   1.981
53394664133   2.382
53394664134   3.132
53394664143   3.302
53394664144   3.522
53394664233   4.032
53394664234   3.942
53394664243   3.712
53394664244   2.971
53394662241   0.612
53394662242   1.591
53394663131   2.982
53394663132   3.311
53394663141   3.172
53394663142   3.042
53394663231   3.182
53394663232   3.122
53394663241   2.481
53394663242   2.532
53394664131   2.802
53394664132   2.972
53394664141   3.112
53394664142   3.522
53394664231   4.092
53394664232   4.002
53394664241   3.792
53394664242   3.132
53394662223   0.752
53394662224   2.032
53394663113   2.952
53394663114   3.202
53394663123   3.281
53394663124   3.142
53394663213   3.321
53394663214   3.382
53394663223   2.951
53394663224   3.163
53394664113   3.351
53394664114   3.192
53394664123   3.182
53394664124   3.522
53394664213   4.082
53394664214   4.112
53394664223   3.652
53394664224   3.452
53394662221   0.872
53394662222   2.341
53394663111   3.062
53394663112   3.082
53394663121   3.272
53394663122   3.452
53394663211   3.422
53394663212   3.052
53394663221   3.072
53394663222   3.382
53394664111   3.392
53394664112   3.152
53394664121   2.922
53394664122   3.272
53394664211   3.882
53394664212   3.472
53394664221   3.181
53394664222   3.582
53394652443   1.472
53394652444   2.802
53394653333   3.102
53394653334   3.082
53394653343   3.072
53394653344   3.311
53394653433   3.372
53394653434   3.241
53394653443   3.172
53394653444   3.372
53394654333   3.372
53394654334   2.822
53394654343   2.962
53394654344   2.322
53394654433   3.182
53394654434   2.472
53394654443   2.823
53394654444   3.621
53394652432   0.322
53394652441   2.282
53394652442   2.832
53394653331   3.062
53394653332   3.002
53394653341   3.032
53394653342   3.042
53394653431   3.312
53394653432   3.312
53394653441   3.322
53394653442   3.442
53394654331   2.912
53394654332   1.942
53394654341   2.632
53394654342   1.462
53394654431   2.542
53394654432   2.042
53394654441   3.262
53394652414   1.182
53394652423   2.432
53394652424   2.852
53394653313   3.062
53394653314   3.062
53394653323   3.092
53394653324   2.932
53394653413   2.962
53394653414   3.122
53394653423   3.232
53394653424   3.252
53394654313   2.611
53394654314   1.732
53394654323   1.972
53394654413   0.592
53394654414   2.042
53394654423   3.712
53394652412   1.502
53394652421   2.492
53394652422   2.862
53394653311   3.012
53394653312   2.922
53394653321   3.081
53394653322   2.952
53394653411   3.022
53394653412   3.052
53394653421   3.311
53394653422   3.021
53394654311   2.342
53394654312   1.922
53394654321   2.042
53394654322   0.942
53394654411   0.942
53394654412   2.122
53394652234   2.012
53394652243   2.442
53394652244   2.872
53394653133   3.171
53394653134   3.141
53394653143   2.922
53394653144   2.802
53394653233   2.952
53394653234   2.962
53394653243   2.892
53394653244   2.362
53394654133   1.713
53394654134   1.812
53394654143   1.731
53394654144   0.732
53394654233   1.112
53394652231   1.122
53394652232   1.942
53394652241   2.122
53394652242   2.752
53394653131   3.102
53394653132   3.132
53394653141   3.002
53394653142   2.782
53394653231   2.862
53394653232   3.012
53394653241   2.692
53394653242   2.213
53394654131   1.362
53394654132   1.632
53394654141   1.482
53394654142   0.682
53394654231   2.132
53394652213   1.922
53394652214   2.082
53394652223   2.062
53394652224   2.622
53394653113   3.052
53394653114   3.152
53394653123   2.922
53394653124   2.932
53394653213   2.782
53394653214   2.932
53394653223   3.082
53394653224   1.622
53394654113   0.822
53394654114   1.232
53394654123   1.762
53394654124   1.552
53394652211   2.062
53394652212   2.182
53394652221   2.252
53394652222   2.662
53394653111   2.842
53394653112   3.122
53394653121   2.832
53394653122   2.742
53394653211   2.572
53394653212   2.582
53394653221   2.182
53394653222   1.262
53394654111   0.892
53394654112   0.602
53394654121   2.592
53394642344   1.722
53394642433   2.102
53394642434   2.222
53394642443   2.332
53394642444   2.252
53394643333   2.632
53394643334   2.942
53394643343   2.732
53394643344   2.522
53394643433   2.242
53394643434   1.822
53394643443   1.212
53394643444   0.762
53394644333   0.712
53394644334   0.502
53394642342   1.982
53394642431   2.082
53394642432   2.112
53394642441   2.232
53394642442   2.222
53394643331   2.472
53394643332   2.812
53394643341   2.612
53394643342   2.582
53394643431   2.312
53394643432   1.602
53394643441   0.412
53394643442   0.142
53394644331   1.232
53394644332   1.112
53394642314   0.262
53394642323   2.002
53394642324   2.152
53394642413   2.112
53394642414   2.131
53394642423   2.472
53394642424   2.822
53394643313   2.822
53394643314   2.612
53394643323   2.812
53394643324   2.802
53394643413   2.452
53394643414   1.511
53394643423   0.302
53394643424   0.442
53394644313   2.192
53394642311   0.132
53394642312   0.922
53394642321   2.292
53394642322   2.192
53394642411   2.102
53394642412   2.422
53394642421   2.452
53394642422   2.552
53394643311   2.922
53394643312   2.722
53394643321   2.882
53394643322   3.082
53394643411   2.602
53394643412   1.372
53394643421   0.302
53394643422   1.872
53394644311   3.122
53394641244   0.292
53394642133   0.812
53394642134   1.452
53394642143   2.072
53394642144   2.052
53394642233   2.442
53394642234   2.622
53394642243   2.702
53394642244   2.902
53394643133   3.092
53394643134   3.142
53394643143   2.952
53394643144   3.102
53394643233   2.502
53394643234   1.352
53394643243   1.182
53394643244   2.662
53394641242   0.492
53394642131   1.142
53394642132   1.492
53394642141   1.992
53394642142   2.172
53394642231   2.542
53394642232   2.612
53394642241   2.762
53394642242   2.832
53394643131   3.052
53394643132   3.032
53394643141   2.902
53394643142   3.091
53394643231   2.522
53394643232   1.152
53394643241   1.942
53394643242   3.162
53394641224   0.712
53394642113   1.092
53394642114   1.592
53394642123   2.142
53394642124   2.222
53394642213   2.222
53394642214   2.262
53394642223   2.462
53394642224   2.621
53394643113   3.082
53394643114   2.982
53394643123   2.782
53394643124   2.812
53394643213   2.382
53394643214   1.501
53394643223   1.282
53394643224   2.051
53394641222   0.502
53394642111   0.852
53394642112   1.422
53394642121   2.022
53394642122   2.042
53394642211   2.231
53394642212   2.322
53394642221   2.151
53394642222   2.252
53394643111   2.651
53394643112   2.461
53394643121   2.642
53394643122   2.502
53394643211   1.751
53394643212   1.712
53394643221   1.742
53394631444   0.702
53394632333   1.052
53394632334   1.512
53394632343   2.032
53394632344   1.992
53394632433   2.102
53394632434   2.491
53394632443   2.062
53394632444   2.082
53394633333   2.172
53394633334   1.812
53394633343   2.311
53394633344   1.922
53394633433   1.311
53394633434   1.581
53394633443   2.071
53394631442   0.662
53394632331   1.072
53394632332   1.412
53394632341   1.902
53394632342   1.842
53394632431   1.442
53394632432   1.851
53394632441   1.911
53394632442   2.181
53394633331   2.141
53394633332   1.541
53394633341   1.861
53394633342   1.821
53394633431   1.291
53394633432   1.761
53394633441   2.161
53394631424   0.382
53394632313   0.942
53394632314   1.232
53394632323   1.802
53394632324   1.902
53394632413   1.712
53394632414   1.701
53394632423   1.821
53394632424   2.001
53394633313   1.871
53394633314   1.931
53394633323   1.991
53394633324   1.441
53394633413   1.441
53394633414   2.421
53394631421   0.022
53394631422   0.802
53394632311   0.792
53394632312   1.192
53394632321   1.782
53394632322   1.251
53394632411   1.061
53394632412   1.731
53394632421   1.641
53394632422   1.751
53394633311   1.681
53394633312   1.541
53394633321   1.680
53394633322   1.490
53394633411   1.620
53394633412   2.411
53394631243   0.122
53394631244   0.712
53394632133   0.611
53394632134   0.922
53394632143   1.371
53394632144   1.321
53394632233   0.901
53394632234   1.571
53394632243   1.421
53394632244   1.731
53394633133   1.520
53394633134   1.170
53394633143   1.800
53394633144   1.979
53394633233   1.700
53394631242   0.222
53394632131   1.042
53394632132   1.211
53394632141   0.811
53394632142   1.331
53394632231   1.481
53394632232   0.951
53394632241   0.901
53394632242   1.301
53394633131   1.289
53394633132   0.909
53394633141   1.308
53394633142   2.189
53394633231   2.279
53394632113   0.449
53394632114   0.197
53394632123   0.209
53394632124   0.089
53394632213   0.720
53394632214   0.560
53394632223   0.268
53394632224   1.185
53394633113   1.358
53394633114   1.037
53394633123   1.917
53394633124   2.727
53394632111   0.438
53394632112   0.757
53394632121   0.737
53394632122   0.376
53394632211   0.398
53394632212   0.878
53394632221   0.577
53394632222   0.734
53394633111   1.359
53394633112   1.728
53394633121   2.316
53394633122   2.907
53394621444   0.097
53394622333   0.337
53394622334   0.626
53394622343   0.836
53394622344   0.706
53394622433   0.656
53394622434   0.647
53394622443   0.087
53394622444   0.368
53394623333   0.925
53394623334   1.433
53394623343   2.651
53394623344   2.011
53394621442   0.075
53394622331   0.096
53394622332   0.325
53394622341   0.714
53394622342   0.614
53394622431   0.674
53394622432   0.196
53394622442   0.412
53394623331   1.241
53394623332   1.821
53394623341   3.021
53394623342   2.741
53394621423   0.355
53394621424   0.565
53394622313   0.375
53394622314   0.684
53394622323   0.873
53394622324   0.802
53394622413   0.652
53394622414   0.186
53394622423   0.311
53394622424   0.771
53394623313   1.551
53394623314   2.331
53394623323   2.971
53394623324   3.481
53394620422   0.047
53394621311   0.061
53394621412   0.036
53394621421   0.365
53394621422   0.285
53394622311   0.244
53394622312   0.523
53394622321   1.082
53394622322   1.111
53394622411   0.499
53394622412   0.651
53394622421   1.451
53394622422   1.360
53394623311   1.950
53394623312   2.610
53394623321   3.530
53394623322   3.760
53394621133   0.115
53394621234   0.015
53394622134   0.193
53394622143   0.622
53394622144   0.569
53394622233   0.463
53394622234   0.911
53394622243   1.450
53394622244   1.850
53394623133   2.320
53394623134   2.940
53394623143   3.720
53394623144   3.500
53394621132   0.075
53394621241   0.061
53394622141   0.109
53394622142   0.543
53394622231   0.580
53394622232   0.770
53394622241   1.180
53394622242   1.920
53394623131   2.380
53394623132   3.040
53394623141   3.440
53394623142   3.270
53394623231   3.430
53394621114   0.156
53394621123   0.077
53394621214   0.067
53394622123   0.140
53394622124   0.619
53394622213   0.949
53394622214   0.859
53394622223   0.930
53394622224   1.500
53394623113   2.110
53394623114   3.040
53394623123   3.190
53394623124   3.180
53394623213   3.370
53394621112   0.446
53394621121   0.368
53394621122   0.069
53394621211   0.445
53394621212   0.957
53394622121   0.107
53394622122   0.787
53394622211   1.007
53394622212   0.638
53394622221   0.629
53394622222   1.169
53394623111   2.199
53394623112   2.780
53394623121   2.960
53394623122   3.200
53394623211   3.059
53394623212   1.849
53394611333   0.474
53394611334   0.635
53394611343   0.527
53394611344   0.306
53394611433   0.232
53394611434   0.727
53394611443   0.530
53394612343   0.136
53394612344   0.985
53394612433   1.076
53394612434   0.657
53394612443   0.718
53394612444   1.879
53394613333   2.369
53394613334   2.709
53394613343   2.829
53394613344   3.160
53394613433   3.319
53394613434   2.029
53394611331   0.362
53394611332   0.694
53394611341   0.757
53394611342   0.725
53394611431   0.208
53394611432   0.678
53394611441   1.269
53394612341   0.092
53394612342   0.953
53394612431   1.074
53394612432   0.836
53394612441   1.268
53394612442   2.099
53394613331   2.519
53394613332   2.519
53394613341   2.749
53394613342   3.209
53394613431   3.100
53394613432   1.419
53394611313   0.344
53394611314   0.588
53394611323   0.594
53394611324   0.475
53394611413   0.384
53394611414   0.838
53394611423   0.792
53394611424   0.265
53394612313   0.107
53394612314   0.092
53394612323   0.217
53394612324   0.784
53394612413   0.467
53394612414   0.785
53394612423   1.827
53394612424   2.148
53394613313   2.678
53394613314   2.609
53394613323   2.399
53394613324   2.309
53394613413   2.810
53394613414   2.509
53394610422   0.206
53394611311   0.345
53394611312   0.584
53394611321   0.456
53394611322   0.132
53394611411   0.301
53394611412   0.598
53394611421   0.711
53394611422   0.253
53394612311   0.086
53394612312   0.199
53394612321   0.501
53394612322   1.077
53394612411   0.730
53394612412   0.952
53394612421   1.747
53394612422   2.247
53394613311   2.598
53394613312   2.708
53394613321   2.279
53394613322   2.349
53394613411   2.519
53394613412   2.900
53394611133   0.736
53394611134   0.629
53394611143   0.113
53394611144   0.089
53394611233   0.360
53394611234   0.314
53394611243   0.587
53394611244   0.335
53394612133   0.326
53394612134   0.399
53394612143   0.746
53394612144   1.062
53394612233   1.344
53394612234   1.159
53394612243   1.265
53394612244   2.227
53394613133   2.378
53394613134   2.788
53394613143   3.008
53394613144   2.389
53394613233   2.109
53394611131   0.801
53394611132   0.762
53394611141   0.617
53394611142   0.561
53394611231   0.468
53394611232   0.271
53394611241   0.201
53394611242   0.312
53394612131   0.416
53394612132   0.861
53394612141   1.104
53394612142   1.227
53394612231   1.791
53394612232   0.962
53394612241   1.184
53394612242   2.006
53394613131   2.358
53394613132   2.798
53394613141   3.078
53394613142   1.208
53394610224   0.065
53394611113   0.915
53394611114   0.845
53394611123   0.781
53394611124   0.620
53394611213   0.806
53394611214   0.700
53394611224   0.261
53394612113   0.760
53394612114   1.312
53394612123   1.873
53394612124   2.005
53394612213   1.676
53394612223   0.867
53394612224   1.335
53394613113   1.817
53394613114   2.338
53394613123   2.768
53394613124   2.388
53394610222   0.047
53394611111   0.695
53394611112   1.065
53394611121   0.659
53394611211   0.508
53394611212   0.690
53394612111   1.282
53394612112   3.002
53394612121   2.283
53394612122   1.513
53394612211   1.364
53394612212   1.104
53394612221   1.002
53394612222   0.774
53394613111   1.655
53394613112   0.777
53394613121   1.558
53394613122   2.718
53394601333   0.620
53394601334   1.074
53394601343   0.287
53394602333   0.312
53394602334   3.573
53394602343   2.302
53394602344   0.942
53394602433   0.701
53394602434   0.829
53394602443   1.063
53394602444   0.761
53394603333   0.778
53394603343   0.998
53394600442   0.193
53394601331   1.030
53394601332   1.065
53394601341   0.507
53394602331   0.077
53394602341   1.280
53394602342   0.795
53394602431   0.464
53394602432   1.024
53394602441   0.907
53394602442   0.795
53394603341   2.178
53394600424   0.690
53394601313   1.223
53394601314   0.866
53394601323   0.099
53394602313   2.443
53394602314   1.404
53394602323   0.494
53394602324   0.833
53394602413   1.285
53394602414   1.183
53394602423   1.204
53394602424   0.487
53394603323   2.258
53394600422   1.038
53394601311   1.469
53394601312   0.901
53394601321   0.393
53394602311   0.791
53394602312   0.082
53394602321   0.230
53394602322   0.352
53394602411   0.741
53394602412   1.106
53394602421   1.054
53394603321   1.358
53394600243   0.317
53394600244   1.426
53394601133   1.747
53394601134   0.778
53394602144   0.367
53394602233   0.412
53394602234   0.726
53394602243   0.382
53394603133   0.049
53394603134   0.198
53394603143   0.938
53394600241   0.357
53394600242   1.342
53394601131   1.314
53394601132   0.326
53394601241   0.091
53394601242   0.240
53394602131   0.716
53394602132   0.165
53394602141   0.361
53394602142   0.422
53394602231   0.430
53394602232   0.353
53394602241   1.280
53394602242   1.287
53394603131   1.297
53394600214   0.169
53394600223   0.470
53394600224   1.117
53394601113   1.079
53394601114   0.050
53394601223   0.195
53394601224   1.377
53394602114   0.414
53394602123   0.835
53394602124   0.460
53394602213   0.783
53394602214   0.969
53394602223   1.456
53394602224   0.425
53394600212   0.525
53394600221   1.312
53394600222   1.142
53394601111   1.286
53394601112   0.033
53394601212   1.840
53394601221   0.572
53394601222   1.636
53394602121   0.770
53394602122   0.644
53394602211   0.737
53394602212   0.678
53394602221   1.660
53393690434   0.498
53393690443   0.942
53393691333   0.295
53393691433   0.845
53393691434   1.318
53393691443   1.041
53393691444   1.136
53393692333   0.401
53393692334   0.557
53393692343   1.042
53393692344   0.696
53393692433   0.437
53393692434   0.833
53393690432   0.251
53393690441   0.390
53393691331   0.113
53393691431   1.033
53393691432   1.145
53393691441   1.000
53393691442   0.467
53393692331   0.761
53393692332   0.692
53393692341   1.088
53393692342   0.651
53393692431   0.445
53393692432   0.807
53393690414   0.339
53393690423   0.127
53393690424   0.087
53393691313   0.226
53393691324   0.260
53393691413   1.710
53393691414   1.008
53393692313   0.761
53393692314   0.152
53393692323   0.510
53393692324   0.689
53393692413   0.721
53393692414   1.731
53393690412   0.744
53393690421   0.610
53393690422   0.123
53393691311   0.067
53393691321   0.021
53393691322   0.139
53393691411   0.789
53393691412   0.708
53393691422   0.313
53393692312   0.366
53393692321   0.593
53393692322   0.800
53393692411   1.087
53393690233   0.150
53393690234   0.873
53393690243   0.713
53393691133   0.025
53393691234   0.396
53393691243   0.528
53393691244   1.173
53393692133   0.984
53393692134   1.010
53393692143   0.916
53393692144   1.671
53393692233   1.611
53393690231   0.036
53393690232   0.667
53393690241   0.593
53393691131   0.025
53393691231   0.415
53393691232   0.782
53393691241   0.823
53393691242   0.617
53393692131   0.773
53393692132   1.131
53393692141   1.303
53393692142   1.915
53393690214   0.662
53393690223   0.532
53393691213   0.245
53393691214   0.711
53393691223   0.755
53393691224   0.469
53393692113   0.323
53393692114   1.800
53393690211   0.103
53393690212   0.422
53393690221   0.587
53393691212   0.217
53393691221   0.539
53393691222   0.362
53393692111   0.660
53393680433   0.083
53393680434   0.360
53393680443   0.424
53393681443   0.107
53393681444   0.263
53393680432   0.154
53393680441   0.377
53393681442   0.178
53393680423   0.065
