53395552241   1.244
53395552242   1.194
53395553131   0.794
53395553132   1.324
53395553141   1.984
53395553142   2.234
53395553231   1.624
53395553232   1.434
53395553241   1.384
53395553242   1.484
53395553113   1.664
53395553114   2.154
53395553123   2.694
53395553124   2.744
53395553213   2.144
53395553214   1.794
53395553223   1.844
53395553224   2.044
53395554113   1.684
53395554114   1.424
53395554123   1.494
53395555113   1.074
53395555123   2.154
53395555124   2.414
53395555213   2.864
53395555214   3.154
53395555223   2.774
53395553111   1.694
53395553112   2.304
53395553121   2.814
53395553122   2.814
53395553211   2.744
53395553212   2.554
53395553221   1.974
53395553222   2.384
53395554111   2.984
53395554112   2.744
53395554121   1.864
53395554122   2.014
53395554211   1.934
53395554212   1.504
53395554221   1.804
53395554222   2.414
53395555111   2.004
53395555112   1.054
53395555121   2.664
53395555122   2.924
53395555211   3.274
53395555212   3.684
53395555221   3.664
53395555222   3.204
53395556111   3.494
53395543333   1.634
53395543334   2.334
53395543343   2.524
53395543344   2.514
53395543433   2.484
53395543434   2.414
53395543443   2.034
53395543444   2.354
53395544333   3.024
53395544334   3.284
53395544343   2.754
53395544344   2.664
53395544433   2.604
53395544434   2.374
53395544443   2.944
53395544444   3.284
53395545333   2.574
53395545334   2.584
53395545343   3.074
53395545344   3.514
53395545433   3.854
53395545434   4.104
53395545443   3.754
53395545444   2.254
53395546333   2.994
53395546334   3.194
53395542342   0.145
53395542431   0.255
53395542432   0.195
53395542442   0.724
53395543331   1.394
53395543332   1.634
53395543341   1.614
53395543342   2.044
53395543431   1.624
53395543432   1.744
53395543441   1.844
53395543442   2.254
53395544331   2.944
53395544332   3.644
53395544341   3.534
53395544342   3.164
53395544431   2.754
53395544432   2.824
53395544441   3.244
53395544442   3.394
53395545331   2.644
53395545332   2.624
53395545341   3.324
53395545342   4.004
53395545431   4.264
53395545432   4.244
53395545441   4.024
53395545442   3.294
53395546331   3.114
53395546332   2.934
53395546341   3.014
53395542323   0.065
53395542324   0.325
53395542413   0.615
53395542414   0.755
53395542423   0.795
53395542424   0.465
53395543313   0.275
53395543314   0.395
53395543323   0.405
53395543324   0.385
53395543413   0.015
53395543424   1.744
53395544313   1.714
53395544314   2.124
53395544323   3.954
53395544324   2.594
53395544413   1.984
53395544414   2.504
53395544423   2.154
53395544424   2.484
53395545313   2.334
53395545314   3.054
53395545323   3.554
53395545324   3.884
53395545413   4.444
53395545414   4.254
53395545423   4.244
53395545424   3.584
53395546313   3.364
53395546314   3.124
53395546323   2.944
53395546324   2.804
53395542322   0.285
53395542411   0.745
53395542412   0.825
53395542421   0.935
53395542422   0.955
53395543311   0.675
53395543312   0.625
53395543321   0.625
53395543322   0.455
53395543411   0.105
53395543412   0.235
53395543421   0.305
53395543422   0.195
53395544311   0.265
53395544312   0.695
53395544321   1.475
53395544322   0.715
53395544411   0.275
53395544412   0.855
53395544421   0.695
53395544422   0.925
53395545311   0.585
53395545312   2.974
53395545321   3.824
53395545322   3.854
53395545411   3.774
53395545412   3.804
53395545421   3.984
53395545422   3.384
53395546311   3.194
53395546312   2.964
53395546321   2.864
53395546322   3.064
53395546411   2.224
53395542144   0.265
53395542233   0.495
53395542234   0.795
53395542243   0.955
53395542244   1.035
53395543133   0.875
53395543134   0.755
53395543143   0.705
53395543144   0.135
53395543233   0.495
53395543234   0.555
53395543243   0.605
53395543244   0.725
53395544133   0.795
53395544134   0.675
53395544143   0.945
53395544144   1.145
53395544233   0.865
53395544234   1.285
53395544243   1.265
53395544244   1.125
53395545133   0.835
53395545134   1.205
53395545143   3.354
53395545144   3.424
53395545233   3.114
53395545234   3.364
53395545243   3.614
53395545244   3.214
53395546133   2.934
53395546134   2.834
53395546143   2.914
53395546144   2.994
53395546233   2.884
53395546234   2.644
53395546243   1.864
53395542142   0.205
53395542231   0.125
53395542232   0.485
53395542241   0.565
53395542242   0.915
53395543131   0.915
53395543132   0.775
53395543141   0.655
53395543231   0.385
53395543232   0.345
53395543241   0.315
53395543242   0.225
53395544131   0.845
53395544132   1.015
53395544141   1.285
53395544142   0.925
53395544231   1.105
53395544232   1.425
53395544241   1.725
53395544242   1.675
53395545131   1.475
53395545132   1.575
53395545141   2.714
53395545142   3.914
53395545231   6.514
53395545232   6.854
53395545241   3.524
53395545242   3.254
53395546131   2.484
53395546132   2.244
53395546141   2.644
53395546142   2.954
53395546231   3.014
53395546232   3.284
53395546241   2.564
53395546242   1.574
53395547131   1.294
53395547132   1.304
53395542214   0.235
53395542223   0.085
53395542224   0.595
53395543113   0.785
53395543114   0.495
53395543123   0.095
53395543213   0.415
53395543214   0.195
53395543224   0.215
53395544113   0.885
53395544114   1.015
53395544123   1.155
53395544124   1.235
53395544213   1.605
53395544214   1.505
53395544223   1.615
53395544224   2.075
53395545113   1.915
53395545114   2.155
53395545123   1.445
53395545124   3.274
53395545213   5.184
53395545214   4.714
53395545223   3.624
53395545224   2.744
53395546113   2.464
53395546114   2.044
53395546123   2.764
53395546124   3.274
53395546213   3.194
53395546214   3.474
53395546223   1.494
53395547113   0.167
53395547114   0.327
53395547123   0.237
53395547124   0.145
53395547213   0.127
53395547214   0.847
53395547223   1.377
53395547224   1.476
53395548113   1.316
53395548114   1.026
53395548124   0.000
53395542212   0.135
53395542222   0.565
53395543111   0.495
53395543112   0.425
53395543211   0.205
53395543212   0.635
53395543221   0.665
53395543222   0.855
53395544111   1.015
53395544112   1.015
53395544121   1.095
53395544122   1.585
53395544211   2.105
53395544212   1.965
53395544221   2.025
53395544222   2.095
53395545111   1.735
53395545112   1.565
53395545121   1.445
53395545122   3.244
53395545211   3.314
53395545212   3.474
53395545221   3.724
53395545222   2.594
53395546111   2.684
53395546112   2.714
53395546121   3.194
53395546122   3.364
53395546211   3.284
53395546212   3.174
53395546221   0.717
53395546222   0.597
53395547111   0.627
53395547112   0.667
53395547121   0.757
53395547122   0.167
53395547212   0.587
53395547221   1.077
53395547222   1.236
53395548111   1.136
53395548112   0.915
53395548121   0.707
53395548122   0.501
53395532434   0.255
53395532443   0.275
53395532444   0.755
53395533333   0.595
53395533334   0.635
53395533433   0.245
53395533434   0.935
53395533443   1.055
53395533444   1.115
53395534333   1.065
53395534334   1.035
53395534343   1.545
53395534344   1.675
53395534433   2.015
53395534434   1.905
53395534443   1.925
53395534444   1.935
53395535333   1.855
53395535334   1.785
53395535343   1.545
53395535344   1.685
53395535433   3.384
53395535434   3.714
53395535443   3.424
53395535444   2.634
53395536333   2.864
53395536334   3.424
53395536343   3.664
53395536344   3.514
53395536433   3.234
53395536434   0.597
53395536443   0.117
53395536444   0.167
53395537443   0.557
53395537444   0.347
53395538333   0.288
53395538334   0.451
53395538343   0.566
53395538344   0.703
53395538433   0.979
53395538434   1.106
53395539333   1.968
53395532442   0.335
53395533431   0.095
53395533432   0.545
53395533441   0.725
53395533442   0.705
53395534331   0.925
53395534332   1.085
53395534341   1.475
53395534342   1.505
53395534431   1.675
53395534432   1.925
53395534441   1.985
53395534442   2.165
53395535331   2.135
53395535332   1.865
53395535341   1.625
53395535342   1.335
53395535431   2.724
53395535432   3.544
53395535441   3.394
53395535442   3.144
53395536331   2.634
53395536332   3.684
53395536341   3.744
53395536342   3.304
53395536431   0.870
53395538331   0.613
53395538332   0.773
53395538341   0.563
53395538342   0.620
53395538431   0.775
53395538432   0.935
53395538441   1.374
53395538442   1.807
53395539331   1.588
53395533423   0.035
53395533424   0.075
53395534313   0.635
53395534314   0.585
53395534323   0.955
53395534324   1.195
53395534413   1.245
53395534414   1.565
53395534423   1.385
53395534424   1.705
53395535313   1.785
53395535314   1.205
53395535323   1.125
53395535324   0.995
53395535413   0.995
53395535414   2.234
53395535423   2.964
53395535424   3.374
53395536313   3.374
53395536314   3.144
53395536323   2.724
53395536324   0.860
53395536413   0.010
53395538313   0.765
53395538314   1.176
53395538323   0.399
53395538324   0.495
53395538413   0.505
53395538414   0.741
53395538423   1.485
53395538424   1.837
53395539313   1.068
53395534311   0.365
53395534312   0.385
53395534321   0.625
53395534322   0.805
53395534411   0.895
53395534412   1.075
53395534421   0.875
53395534422   1.255
53395535311   1.475
53395535312   1.055
53395535321   1.015
53395535322   1.115
53395535411   1.685
53395535412   1.575
53395535421   1.715
53395535422   3.014
53395536311   2.924
53395536312   2.524
53395536321   0.180
53395538311   0.516
53395538312   0.797
53395538321   0.446
53395538322   0.264
53395538411   0.323
53395538412   0.612
53395538421   1.667
53395538422   2.239
53395539311   1.989
53395539312   0.890
53395534134   0.035
53395534143   0.335
53395534144   0.355
53395534233   0.525
53395534234   0.805
53395534243   0.945
53395534244   1.025
53395535133   0.975
53395535134   0.745
53395535143   0.945
53395535144   0.905
53395535233   1.525
53395535234   1.875
53395535243   2.065
53395535244   0.875
53395538134   0.290
53395538143   0.300
53395538144   0.177
53395538233   0.144
53395538234   0.477
53395538243   1.249
53395538244   2.210
53395539133   2.640
53395539134   2.081
53395539143   2.411
53395534231   0.115
53395534232   0.615
53395534241   0.725
53395534242   0.665
53395535131   0.685
53395535132   0.575
53395535141   0.745
53395535142   0.565
53395535231   0.365
53395535232   0.435
53395535241   0.855
53395535242   0.045
53395538141   0.173
53395538142   0.201
53395538231   0.178
53395538232   0.460
53395538241   1.130
53395538242   1.610
53395539131   2.301
53395539132   2.771
53395539141   2.481
53395534214   0.025
53395534223   0.155
53395534224   0.515
53395535113   0.785
53395535114   0.595
53395535123   0.515
53395538114   0.081
53395538123   0.208
53395538124   0.227
53395538213   0.481
53395538214   0.911
53395538223   1.511
53395538224   1.951
53395539113   1.861
53395539114   2.771
53395539123   2.701
53395539124   0.766
53395534222   0.045
53395535111   0.235
53395535112   0.375
53395535121   0.055
53395538121   0.159
53395538122   0.501
53395538211   0.742
53395538212   1.462
53395538221   1.642
53395538222   2.102
53395539111   2.121
53395539112   2.541
53395539121   1.741
53395539122   1.136
53395528343   0.322
53395528344   0.612
53395528433   0.812
53395528434   1.192
53395528443   1.382
53395528444   1.702
53395529333   1.912
53395529334   2.442
53395529343   1.871
53395529344   1.806
53395529433   1.246
53395528341   0.202
53395528342   0.522
53395528431   0.504
53395528432   0.563
53395528441   0.913
53395528442   1.383
53395529331   1.392
53395529332   2.342
53395529341   0.766
53395529342   1.786
53395529431   0.946
53395528324   0.054
53395528413   0.539
53395528414   0.619
53395528423   0.828
53395528424   1.426
53395529313   1.484
53395529314   1.022
53395529323   0.936
53395529324   1.806
53395529413   1.096
53395529414   1.316
53395528411   0.496
53395528412   0.715
53395528421   1.073
53395528422   1.301
53395529311   0.988
53395529321   0.906
53395529322   1.706
53395529411   1.746
53395529412   2.106
53395528144   0.390
53395528233   1.149
53395528234   1.298
53395528243   1.517
53395528244   1.555
53395529133   0.772
53395529143   1.286
53395529144   1.276
53395529233   1.456
53395529234   2.106
53395529243   2.216
53395528142   0.790
53395528231   1.260
53395528232   1.109
53395528241   1.539
53395528242   1.508
53395529131   0.237
53395529141   1.256
53395529142   0.996
53395529231   0.846
53395529232   1.476
53395529241   1.516
53395529242   1.606
53395620131   1.376
53395528124   0.651
53395528213   1.361
53395528214   1.231
53395528223   1.251
53395528224   1.541
53395529113   0.724
53395529123   0.776
53395529124   0.876
53395529213   0.656
53395529214   1.356
53395529223   1.316
53395529224   1.436
53395620113   1.096
53395620114   1.096
53395528122   0.431
53395528211   1.401
53395528212   1.602
53395528221   1.463
53395528222   1.714
53395529111   1.109
53395529112   0.037
53395529121   0.256
53395529122   0.216
53395529211   0.246
53395529212   1.126
53395529221   1.046
53395529222   1.406
53395620111   0.546
53395620112   0.906
53395620121   1.106
53395518433   0.662
53395518434   1.433
53395518443   1.144
53395518444   0.426
53395519333   1.250
53395519334   1.028
53395519343   1.131
53395519344   0.472
53395519434   0.796
53395519443   1.066
53395519444   1.226
53395610333   0.346
53395610334   0.266
53395610343   0.656
53395610344   0.856
53395610433   1.206
53395518432   0.664
53395518441   0.958
53395518442   0.470
53395519331   1.267
53395519332   1.031
53395519341   0.893
53395519342   0.212
53395519432   1.712
53395519441   0.496
53395519442   0.746
53395610331   0.406
53395610341   0.496
53395610342   0.406
53395610431   0.466
53395610432   1.356
53395518414   0.129
53395518423   0.724
53395518424   1.065
53395519313   1.281
53395519314   1.006
53395519323   0.729
53395519324   0.203
53395519413   0.148
53395519414   0.572
53395519423   1.443
53395519424   2.093
53395610313   1.194
53395610314   0.934
53395610323   0.594
53395610324   1.364
53395610414   0.051
53395610423   1.330
53395518422   0.559
53395519311   1.008
53395519312   1.144
53395519321   0.651
53395519322   0.298
53395519411   0.991
53395519412   1.641
53395519421   1.803
53395519422   1.653
53395610311   0.784
53395610312   0.784
53395610321   0.044
53395610322   0.364
53395610412   0.085
53395610421   1.180
53395519133   0.957
53395519134   1.060
53395519143   0.328
53395519144   0.290
53395519233   0.892
53395519234   1.442
53395519243   2.133
53395519244   1.934
53395610133   1.704
53395610134   0.634
53395610234   0.145
53395610243   0.680
53395519131   1.062
53395519132   1.083
53395519141   0.308
53395519142   0.120
53395519231   0.266
53395519232   1.283
53395519241   1.874
53395519242   1.914
53395610131   1.664
53395610132   1.614
53395610141   1.065
53395610142   0.965
53395610231   0.265
53395610232   1.075
53395610241   0.550
53395519113   0.905
53395519114   0.925
53395519214   0.944
53395519223   1.484
53395519224   1.704
53395610113   1.564
53395610114   1.845
53395610123   1.925
53395610124   1.525
53395610213   1.435
53395610214   0.939
53395610223   0.599
53395519111   0.729
53395519112   0.749
53395519212   0.935
53395519221   1.425
53395519222   1.625
53395610111   1.595
53395610112   1.875
53395610121   2.155
53395610122   1.895
53395610211   0.889
53395610212   0.569
53395610221   0.219
53395509333   0.249
53395509334   0.299
53395509434   0.895
53395509443   1.235
53395509444   1.435
53395600333   1.675
53395600334   1.625
53395600343   1.245
53395600344   0.939
53395600433   1.029
53395600434   0.919
53395600443   0.689
53395600444   0.709
53395601333   0.619
53395509331   0.428
53395509332   0.366
53395509341   0.049
53395509432   1.036
53395509441   1.536
53395509442   1.716
53395600331   1.386
53395600332   1.085
53395600341   0.569
53395600342   0.229
53395600431   1.029
53395600432   1.049
53395600441   0.899
53395600442   1.019
53395601331   0.409
53395509313   0.205
53395509314   0.479
53395509323   0.590
53395509324   0.788
53395509413   0.814
53395509414   1.256
53395509423   1.626
53395509424   1.847
53395600313   1.507
53395600314   0.460
53395600324   0.229
53395600413   1.189
53395600414   1.089
53395600423   1.079
53395600424   0.849
53395601313   0.609
53395601314   0.319
53395601323   0.699
53395509312   0.309
53395509321   0.526
53395509322   0.729
53395509411   1.094
53395509412   1.176
53395509421   1.557
53395509422   1.898
53395600311   1.049
53395600312   0.560
53395600322   0.649
53395600411   1.049
53395600412   1.099
53395600421   1.029
53395600422   0.959
53395601311   1.019
53395601312   0.859
53395601321   1.179
53395601322   1.269
53395603422   1.478
53395604311   1.588
53395604312   1.338
53395604321   1.098
53395509143   0.140
53395509144   0.203
53395509233   0.905
53395509234   0.916
53395509243   0.557
53395509244   0.991
53395600133   1.228
53395600134   0.575
53395600144   0.449
53395600233   0.909
53395600234   1.079
53395600243   1.169
53395600244   1.189
53395601133   1.079
53395601134   1.079
53395601143   1.339
53395601144   1.589
53395601233   1.469
53395601234   1.269
53395603233   1.608
53395603234   2.428
53395603243   3.008
53395603244   3.198
53395604133   3.168
53395604134   2.848
53395604143   2.918
53395604144   2.058
53395604233   1.508
53395604234   0.208
53395509142   0.095
53395509231   0.485
53395509232   0.498
53395509241   0.254
53395509242   0.682
53395600131   1.286
53395600132   0.939
53395600141   0.502
53395600142   0.892
53395600231   1.421
53395600232   0.719
53395600241   1.009
53395600242   0.829
53395601131   0.729
53395601132   0.559
53395601141   0.869
53395601142   1.009
53395601231   1.099
53395601232   1.739
53395601241   1.709
53395601242   1.679
53395602241   0.158
53395602242   0.218
53395603131   0.728
53395603132   1.808
53395603141   1.408
53395603142   0.658
53395603231   2.138
53395603232   2.948
53395603241   3.088
53395603242   3.068
53395604131   2.948
53395604132   2.688
53395604141   2.888
53395604142   2.708
53395604231   2.228
53395604232   2.108
53395604241   1.178
53395509214   0.282
53395509223   0.300
53395509224   1.080
53395600113   1.660
53395600114   1.771
53395600123   1.222
53395600124   0.112
53395600213   0.114
53395600214   0.377
53395600223   0.597
53395600224   0.097
53395601123   0.249
53395601124   0.419
53395601213   0.679
53395601214   1.229
53395601223   1.389
53395601224   1.489
53395602113   1.359
53395602114   1.479
53395602123   1.269
53395602124   1.489
53395602213   1.439
53395602214   0.469
53395602223   0.348
53395602224   0.828
53395603113   1.278
53395603114   2.228
53395603123   1.318
53395603124   1.588
53395603213   1.478
53395603214   2.748
53395603223   3.318
53395603224   3.138
53395604113   2.638
53395604114   2.678
53395604123   2.818
53395604124   2.838
53395604213   2.378
53395604214   2.898
53395604223   2.578
53395604224   1.648
53395509212   0.560
53395509221   0.851
53395509222   1.761
53395600111   2.151
53395600112   2.272
53395600121   1.902
53395600122   1.174
53395600211   1.456
53395600212   1.647
53395600221   1.477
53395601112   0.049
53395601121   1.099
53395601122   1.489
53395601211   1.629
53395601212   2.029
53395601221   2.069
53395601222   0.559
53395602111   0.479
53395602112   0.979
53395602121   0.449
53395602122   0.559
53395602211   0.499
53395603111   0.418
53395603112   1.388
53395603121   0.358
53395603122   2.198
53395603211   1.378
53395603212   2.528
53395603221   3.108
53395603222   2.958
53395604111   2.678
53395604112   2.678
53395604121   2.738
53395604122   2.848
53395604211   1.968
53395604212   2.828
53395604221   3.258
53395604222   3.038
53395605111   1.928
53394599433   0.501
53394599434   0.501
53394599443   1.252
53394599444   1.892
53394690333   1.922
53394690334   1.982
53394690343   1.753
53394690344   1.314
53394690433   1.496
53394690434   1.957
53394690443   2.147
53394690444   1.978
53394691333   2.008
53394691334   1.458
53394691343   1.549
53394691344   1.909
53394691433   1.769
53394691434   1.579
53394691443   1.669
53394691444   1.529
53394692333   1.860
53394692334   2.270
53394692343   1.870
53394692344   1.350
53394692433   2.730
53394692434   2.340
53394692443   2.160
53394692444   2.050
53394693333   2.400
53394693334   1.690
53394693343   1.510
53394693344   3.350
53394693433   1.578
53394693434   1.458
53394693443   2.808
53394693444   3.148
53394694333   2.598
53394694334   2.658
53394694343   2.728
53394694344   2.618
53394694433   1.718
53394694434   2.498
53394694443   3.168
53394694444   3.398
53394695333   3.108
53394695334   1.468
53394599432   0.301
53394599441   1.462
53394599442   1.802
53394690331   1.682
53394690332   1.782
53394690341   1.653
53394690342   1.335
53394690431   1.436
53394690432   1.977
53394690441   2.167
53394690442   2.408
53394691331   2.158
53394691332   1.739
53394691341   2.069
53394691342   2.859
53394691431   2.929
53394691432   2.719
53394691441   2.969
53394691442   2.339
53394692331   0.960
53394692332   2.010
53394692341   1.810
53394692342   1.579
53394692431   3.340
53394692432   3.470
53394692441   3.400
53394692442   3.330
53394693331   3.260
53394693332   2.770
53394693341   2.690
53394693342   2.520
53394693431   1.128
53394693432   1.428
53394693441   2.558
53394693442   2.928
53394694331   2.798
53394694332   2.808
53394694341   2.398
53394694342   1.928
53394694431   1.528
53394694432   1.218
53394694441   2.718
53394694442   3.038
53394695331   3.368
53394695332   2.328
53394599414   0.041
53394599423   1.532
53394599424   1.592
53394690313   1.392
53394690314   1.393
53394690323   1.484
53394690324   1.345
53394690413   1.556
53394690414   1.897
53394690423   1.827
53394690424   1.828
53394691313   1.808
53394691314   2.079
53394691323   2.839
53394691324   3.069
53394691413   3.119
53394691414   3.199
53394691423   2.829
53394691424   2.699
53394692313   0.910
53394692314   1.419
53394692323   1.969
53394692324   2.550
53394692413   3.470
53394692414   3.460
53394692423   3.220
53394692424   3.230
53394693313   3.740
53394693314   4.140
53394693323   3.730
53394693324   2.730
53394693413   2.990
53394693414   1.738
53394693423   2.058
53394693424   3.048
53394694313   3.188
53394694314   3.148
53394694323   2.448
53394694324   1.538
53394694413   1.398
53394694414   1.368
53394694423   3.388
53394694424   3.218
53394695313   3.248
53394695314   3.048
53394695323   1.648
53394599421   0.852
53394599422   1.252
53394690311   0.992
53394690312   0.993
53394690321   1.104
53394690322   1.145
53394690411   1.757
53394690412   1.907
53394690421   1.747
53394690422   1.498
53394691311   1.498
53394691312   1.939
53394691321   2.759
53394691322   2.889
53394691411   3.229
53394691412   3.129
53394691421   2.759
53394691422   2.629
53394692311   2.349
53394692312   2.230
53394692321   2.900
53394692322   3.270
53394692411   3.500
53394692412   3.380
53394692421   2.980
53394692422   3.080
53394693311   3.750
53394693312   4.280
53394693321   4.180
53394693322   3.490
53394693411   3.490
53394693412   1.928
53394693421   1.598
53394693422   2.858
53394694311   3.068
53394694312   3.198
53394694321   2.748
53394694322   1.768
53394694411   2.218
53394694412   2.209
53394694421   3.888
53394694422   3.688
53394695311   3.178
53394695312   3.288
53394695321   2.408
53394695322   1.368
53394599244   0.282
53394690133   0.552
53394690134   0.523
53394690143   0.754
53394690144   0.736
53394690233   1.657
53394690234   1.867
53394690243   1.808
53394690244   1.788
53394691133   1.728
53394691134   2.059
53394691143   2.569
53394691144   2.529
53394691233   3.119
53394691234   2.939
53394691243   2.699
53394691244   2.739
53394692133   2.799
53394692134   2.820
53394692143   3.070
53394692144   3.230
53394692233   3.470
53394692234   3.340
53394692243   3.220
53394692244   3.320
53394693133   3.630
53394693134   4.060
53394693143   4.200
53394693144   3.820
53394693233   3.810
53394693234   2.028
53394693243   1.388
53394693244   2.268
53394694133   2.848
53394694134   2.848
53394694143   2.638
53394694144   1.978
53394694233   2.829
53394694234   3.027
53394694243   4.018
53394694244   3.748
53394695133   3.498
53394695134   3.538
53394695143   3.238
53394695144   2.118
53394690132   0.093
53394690141   0.084
53394690142   0.097
53394690231   0.767
53394690232   1.487
53394690241   1.568
53394690242   1.588
53394691131   1.799
53394691132   2.129
53394691141   2.359
53394691142   2.329
53394691231   3.009
53394691232   2.819
53394691241   2.529
53394691242   2.729
53394692131   2.929
53394692132   2.819
53394692141   2.880
53394692142   3.090
53394692231   3.170
53394692232   3.200
53394692241   3.250
53394692242   3.370
53394693131   3.700
53394693132   4.090
53394693141   3.650
53394693142   2.348
53394693231   2.288
53394693232   1.898
53394693241   1.488
53394693242   2.108
53394694131   2.168
53394694132   2.368
53394694141   2.518
53394694142   2.188
53394694231   2.438
53394694232   3.029
53394694241   3.848
53394694242   3.598
53394695131   3.558
53394695132   3.638
53394695141   3.478
53394695142   3.028
53394690214   0.527
53394690223   0.978
53394690224   0.928
53394691113   1.189
53394691114   1.689
53394691123   1.889
53394691124   1.659
53394691213   1.939
53394691214   2.179
53394691223   2.259
53394691224   2.659
53394692113   2.789
53394692114   2.549
53394692123   2.599
53394692124   2.550
53394692213   2.450
53394692214   2.640
53394692223   3.070
53394692224   3.190
53394693113   3.539
53394693114   3.610
53394693123   2.440
53394693124   2.298
53394693213   2.358
53394693214   2.018
53394693223   1.548
53394693224   2.278
53394694113   2.328
53394694114   2.138
53394694123   1.738
53394694124   2.108
53394694213   2.278
53394694214   2.898
53394694223   3.778
53394694224   3.658
53394695113   3.458
53394695114   3.708
53394695123   3.898
53394695124   3.528
53394695213   1.998
53394690222   0.278
53394691111   0.649
53394691112   1.089
53394691121   1.159
53394691122   0.629
53394691211   0.879
53394691212   1.169
53394691221   1.639
53394691222   2.209
53394692111   2.310
53394692112   2.220
53394692121   2.220
53394692122   2.090
53394692211   1.940
53394692212   2.000
53394692221   2.390
53394692222   2.580
53394693111   3.030
53394693112   3.120
53394693121   2.620
53394693122   2.138
53394693211   2.108
53394693212   1.725
53394693221   1.548
53394693222   1.518
53394694111   2.268
53394694112   2.368
53394694121   1.888
53394694122   2.768
53394694211   3.128
53394694212   3.248
53394694221   3.198
53394694222   3.208
53394695111   3.338
53394695112   3.948
53394695121   4.128
53394695122   3.598
53394695211   2.508
53394681343   0.389
53394681344   0.669
53394681433   0.789
53394681434   0.919
53394681443   1.259
53394681444   1.889
53394682333   2.209
53394682334   2.390
53394682343   2.170
53394682344   1.870
53394682433   1.790
53394682434   1.750
53394682443   2.040
53394682444   2.210
53394683333   2.110
53394683334   3.230
53394683343   3.040
53394683344   2.008
53394683433   2.228
53394683434   2.094
53394683443   2.133
53394683444   1.918
53394684333   1.968
53394684334   1.918
53394684343   2.248
53394684344   3.608
53394684433   3.188
53394684434   3.098
53394684443   3.038
53394684444   2.648
53394685333   2.168
53394685334   2.728
53394685343   3.498
53394685344   3.498
53394685433   2.828
53394685434   0.518
53394681342   0.669
53394681431   0.769
53394681432   0.549
53394681441   0.830
53394681442   1.360
53394682331   1.800
53394682332   2.400
53394682341   2.020
53394682342   1.800
53394682431   1.630
53394682432   1.440
53394682441   1.760
53394682442   2.040
53394683331   0.470
53394683332   0.400
53394683341   1.130
53394683342   2.510
53394683431   1.958
53394683432   2.149
53394683441   2.310
53394683442   2.218
53394684331   2.158
53394684332   1.618
53394684341   2.508
53394684342   4.348
53394684431   2.968
53394684432   2.458
53394684441   2.558
53394684442   2.148
53394685331   1.268
53394685332   1.298
53394685341   2.178
53394685342   3.298
53394685431   2.958
53394685432   0.308
53394681324   0.309
53394681413   0.639
53394681414   0.489
53394681423   0.340
53394681424   0.870
53394682313   1.440
53394682314   2.210
53394682323   2.090
53394682324   1.850
53394682413   1.510
53394682414   1.280
53394682423   1.500
53394682424   1.980
53394683313   1.030
53394683324   1.140
53394683413   0.700
53394683414   1.680
53394683423   2.130
53394683424   2.319
53394684313   2.329
53394684314   1.728
53394684323   2.358
53394684324   2.988
53394684413   2.838
53394684414   2.348
53394684423   2.258
53394684424   1.758
53394685313   0.918
53394685324   2.208
53394685413   2.178
53394681322   0.109
53394681411   0.469
53394681412   0.129
53394681421   0.190
53394681422   0.580
53394682311   0.990
53394682312   1.640
53394682321   2.250
53394682322   1.920
53394682411   1.450
53394682412   1.380
53394682421   1.410
53394682422   1.800
53394683311   0.100
53394683321   0.671
53394683322   2.031
53394683411   1.261
53394683412   0.840
53394683421   1.659
53394683422   1.759
53394684311   1.609
53394684312   1.388
53394684321   2.328
53394684322   2.698
53394684411   2.278
53394684412   2.038
53394684421   1.678
53394684422   1.348
53394685311   2.122
53394685312   0.662
53394685321   0.392
53394685322   1.268
53394685411   1.218
53394681233   0.310
53394681234   0.060
53394681243   0.170
53394681244   0.340
53394682133   0.830
53394682134   1.250
53394682143   1.840
53394682144   1.900
53394682233   1.580
53394682234   1.580
53394682243   1.450
53394682244   1.970
53394683134   0.441
53394683143   2.791
53394683144   2.471
53394683234   0.861
53394683243   2.721
53394683244   0.789
53394684134   1.098
53394684143   2.128
53394684144   1.938
53394684233   1.648
53394684234   1.298
53394684243   2.431
53394684244   3.661
53394685133   3.492
53394685134   3.041
53394685143   2.851
53394685144   2.262
53394681231   0.370
53394681232   0.190
53394682131   0.300
53394682132   0.930
53394682141   1.560
53394682142   1.880
53394682231   1.680
53394682232   1.680
53394682241   1.630
53394682242   1.920
53394683131   1.540
53394683132   3.370
53394683141   3.000
53394683142   2.850
53394683231   0.960
53394683232   1.241
53394683241   2.641
53394683242   3.171
53394684131   2.081
53394684132   3.011
53394684141   3.230
53394684142   3.012
53394684231   2.751
53394684232   2.391
53394684241   2.371
53394684242   4.111
53394685131   4.172
53394685132   4.161
53394685141   3.492
53394685142   2.311
53394681213   0.040
53394681214   0.240
53394681223   0.100
53394682113   0.280
53394682114   0.990
53394682123   1.460
53394682124   1.960
53394682213   1.860
53394682214   1.830
53394682223   1.820
53394682224   2.100
53394683113   4.591
53394683114   3.961
53394683123   3.280
53394683124   3.251
53394683213   2.890
53394683214   2.190
53394683223   2.791
53394683224   2.751
53394684113   2.770
53394684114   3.041
53394684123   2.370
53394684124   2.182
53394684213   2.401
53394684214   2.541
53394684223   3.471
53394684224   4.022
53394685113   3.601
53394685114   3.931
53394685123   3.662
53394685124   2.801
53394681221   0.180
53394681222   0.310
53394682111   0.690
53394682112   1.180
53394682121   1.210
53394682122   1.590
53394682211   1.880
53394682212   2.060
53394682221   1.910
53394682222   2.020
53394683111   2.831
53394683112   3.221
53394683121   3.311
53394683122   3.241
53394683211   2.901
53394683212   2.481
53394683221   3.230
53394683222   2.870
53394684111   3.090
53394684112   3.241
53394684121   2.651
53394684122   2.201
53394684211   2.532
53394684212   3.332
53394684221   3.762
53394684222   3.292
53394685111   3.061
53394685112   2.941
53394685121   3.431
53394685122   2.981
53394671434   0.110
53394671443   0.280
53394671444   0.500
53394672333   0.670
53394672334   1.160
53394672343   1.330
53394672344   1.310
53394672433   1.740
53394672434   2.011
53394672443   2.000
53394672444   1.961
53394673333   2.561
53394673334   2.940
53394673343   3.000
53394673344   3.011
53394673433   2.601
53394673434   2.421
53394673443   2.871
53394673444   2.891
53394674333   3.231
53394674334   3.690
53394674343   3.062
53394674344   2.772
53394674433   2.801
53394674434   3.551
53394674443   3.971
53394674444   3.311
53394675333   3.222
53394675334   2.471
53394675343   2.922
53394675344   3.011
53394671432   0.870
53394671441   0.570
53394671442   0.420
53394672331   0.470
53394672332   0.930
53394672341   1.320
53394672342   1.390
53394672431   1.870
53394672432   2.230
53394672441   2.351
53394672442   2.330
53394673331   2.561
53394673332   2.731
53394673341   2.621
53394673342   2.750
53394673431   2.881
53394673432   2.661
53394673441   2.941
53394673442   3.271
53394674331   3.351
53394674332   3.691
53394674341   3.101
53394674342   3.071
53394674431   3.231
53394674432   3.442
53394674441   3.402
53394674442   2.771
53394675331   2.401
53394675332   2.211
53394675341   2.501
53394671414   1.670
53394671423   0.600
53394671424   0.190
53394672313   0.570
53394672314   0.640
53394672323   1.020
53394672324   1.390
53394672413   1.770
53394672414   2.501
53394672423   2.510
53394672424   2.471
53394673313   2.600
53394673314   2.581
53394673323   2.671
53394673324   2.851
53394673413   2.961
53394673414   2.671
53394673423   3.091
53394673424   3.251
53394674313   3.611
53394674314   3.581
53394674323   3.101
53394674324   3.251
53394674413   3.541
53394674414   3.611
53394674423   3.451
53394674424   2.572
53394675313   1.642
53394675314   2.201
53394675323   2.391
53394671421   0.300
53394671422   0.411
53394672311   0.411
53394672312   0.621
53394672321   0.791
53394672322   1.052
53394672411   1.381
53394672412   2.341
53394672421   2.232
53394672422   2.461
53394673311   2.580
53394673312   2.492
53394673321   2.530
53394673322   2.681
53394673411   2.941
53394673412   2.511
53394673421   3.370
53394673422   3.401
53394674311   3.551
53394674312   3.331
53394674321   3.231
53394674322   3.452
53394674411   3.542
53394674412   3.512
53394674421   3.491
53394674422   2.771
53394675311   2.671
53394675312   2.831
53394671244   0.131
53394672133   0.191
53394672134   0.491
53394672143   0.721
53394672144   1.051
53394672233   1.041
53394672234   1.931
53394672243   2.340
53394672244   2.361
53394673133   2.411
53394673134   2.430
53394673143   2.401
53394673144   2.361
53394673233   2.681
53394673234   2.503
53394673243   3.351
53394673244   3.449
53394674133   3.341
53394674134   3.341
53394674143   3.451
53394674144   3.441
53394674233   3.211
53394674234   3.161
53394674243   3.772
53394674244   3.541
53394675133   3.111
53394671242   0.131
53394672131   0.181
53394672132   0.341
53394672141   0.671
53394672142   1.091
53394672231   0.911
53394672232   1.531
53394672241   2.132
53394672242   2.191
53394673131   2.101
53394673132   2.251
53394673141   2.271
53394673142   2.151
53394673231   1.921
53394673232   2.770
53394673241   4.041
53394673242   3.373
53394674131   3.371
53394674132   3.391
53394674141   3.342
53394674142   3.441
53394674231   3.342
53394674232   3.192
53394674241   3.461
53394674242   3.261
53394675131   2.791
53394672113   0.041
53394672114   0.201
53394672123   0.481
53394672124   0.881
53394672213   0.761
53394672214   1.401
53394672223   1.971
53394672224   2.002
53394673113   1.801
53394673114   2.062
53394673123   2.101
53394673124   2.021
53394673213   1.121
53394673214   2.461
53394673223   3.221
53394673224   3.402
53394674113   3.441
53394674114   3.391
53394674123   3.391
53394674124   3.372
53394674213   2.501
53394674214   2.891
53394674223   2.661
53394674224   2.872
53394675113   2.641
53394672112   0.121
53394672121   0.391
53394672122   0.731
53394672211   0.991
53394672212   1.292
53394672221   1.691
53394672222   2.021
53394673111   1.771
53394673112   1.871
53394673121   1.912
53394673122   1.761
53394673211   1.461
53394673212   2.221
53394673221   2.491
53394673222   3.322
53394674111   3.251
53394674112   3.221
53394674121   3.512
53394674122   3.432
53394674211   3.201
53394674212   3.201
53394674221   3.141
53394674222   2.481
53394675111   2.331
53394662343   0.151
53394662344   0.441
53394662433   0.831
53394662434   1.161
53394662443   1.471
53394662444   1.732
53394663333   0.572
53394663334   1.762
53394663343   1.721
53394663344   1.711
53394663433   2.242
53394663434   2.501
53394663443   2.041
53394663444   3.041
53394664333   3.281
53394664334   3.192
53394664343   3.221
53394664344   3.301
53394664433   3.432
53394664434   3.431
53394664443   3.651
53394664444   2.341
53394665333   2.391
53394662342   0.221
53394662431   0.472
53394662432   0.831
53394662441   1.001
53394662442   1.211
53394663331   1.061
53394663332   1.471
53394663341   1.681
53394663342   2.222
53394663431   2.381
53394663432   2.732
53394663441   2.261
53394663442   2.271
53394664331   3.131
53394664332   3.251
53394664341   3.032
53394664342   3.061
53394664431   3.281
53394664432   3.581
53394664441   3.351
53394664442   2.661
53394665331   2.651
53394662413   0.181
53394662414   0.211
53394662423   0.731
53394662424   0.971
53394663313   1.182
53394663314   1.471
53394663323   2.131
53394663324   2.411
53394663413   2.311
53394663414   2.612
53394663423   2.492
53394663424   2.092
53394664313   2.651
53394664314   2.762
53394664323   2.581
53394664324   2.851
53394664413   3.382
53394664414   3.551
53394664423   3.382
53394664424   2.972
53394665313   2.931
53394662421   0.271
53394662422   0.752
53394663311   1.741
53394663312   2.121
53394663321   2.162
53394663322   2.391
53394663411   2.332
53394663412   2.521
53394663421   1.811
53394663422   1.831
53394664311   1.811
53394664312   2.771
53394664321   2.621
53394664322   2.971
53394664411   3.381
53394664412   3.481
53394664421   3.201
53394664422   2.601
53394665311   2.442
53394662244   0.871
53394663133   2.221
53394663134   2.661
53394663143   2.451
53394663144   2.341
53394663233   2.531
53394663234   2.621
53394663243   1.521
53394663244   1.411
53394664133   1.811
53394664134   2.562
53394664143   2.731
53394664144   2.952
53394664233   3.461
53394664234   3.371
53394664243   3.141
53394664244   2.401
53394662241   0.042
53394662242   1.021
53394663131   2.411
53394663132   2.742
53394663141   2.602
53394663142   2.471
53394663231   2.611
53394663232   2.551
53394663241   1.911
53394663242   1.961
53394664131   2.232
53394664132   2.401
53394664141   2.541
53394664142   2.952
53394664231   3.521
53394664232   3.432
53394664241   3.221
53394664242   2.562
53394662223   0.181
53394662224   1.461
53394663113   2.382
53394663114   2.632
53394663123   2.711
53394663124   2.571
53394663213   2.752
53394663214   2.811
53394663223   2.381
53394663224   2.592
53394664113   2.781
53394664114   2.622
53394664123   2.612
53394664124   2.951
53394664213   3.511
53394664214   3.541
53394664223   3.082
53394664224   2.882
53394662221   0.301
53394662222   1.771
53394663111   2.491
53394663112   2.512
53394663121   2.701
53394663122   2.881
53394663211   2.852
53394663212   2.481
53394663221   2.501
53394663222   2.811
53394664111   2.822
53394664112   2.581
53394664121   2.351
53394664122   2.702
53394664211   3.312
53394664212   2.902
53394664221   2.611
53394664222   3.011
53394652443   0.901
53394652444   2.231
53394653333   2.532
53394653334   2.512
53394653343   2.502
53394653344   2.742
53394653433   2.801
53394653434   2.671
53394653443   2.602
53394653444   2.801
53394654333   2.801
53394654334   2.252
53394654343   2.391
53394654344   1.751
53394654433   2.611
53394654434   1.902
53394654443   2.252
53394654444   3.052
53394652441   1.712
53394652442   2.262
53394653331   2.491
53394653332   2.431
53394653341   2.461
53394653342   2.471
53394653431   2.741
53394653432   2.741
53394653441   2.752
53394653442   2.871
53394654331   2.341
53394654332   1.372
53394654341   2.061
53394654342   0.891
53394654431   1.972
53394654432   1.471
53394654441   2.691
53394652414   0.611
53394652423   1.861
53394652424   2.282
53394653313   2.492
53394653314   2.492
53394653323   2.522
53394653324   2.361
53394653413   2.391
53394653414   2.552
53394653423   2.662
53394653424   2.682
53394654313   2.042
53394654314   1.161
53394654323   1.401
53394654413   0.022
53394654414   1.472
53394654423   3.142
53394652412   0.932
53394652421   1.922
53394652422   2.291
53394653311   2.442
53394653312   2.352
53394653321   2.511
53394653322   2.382
53394653411   2.451
53394653412   2.481
53394653421   2.741
53394653422   2.451
53394654311   1.771
53394654312   1.351
53394654321   1.471
53394654322   0.372
53394654411   0.371
53394654412   1.551
53394652234   1.441
53394652243   1.871
53394652244   2.302
53394653133   2.601
53394653134   2.572
53394653143   2.351
53394653144   2.232
53394653233   2.381
53394653234   2.392
53394653243   2.321
53394653244   1.792
53394654133   1.141
53394654134   1.241
53394654143   1.162
53394654144   0.162
53394654233   0.542
53394652231   0.551
53394652232   1.372
53394652241   1.551
53394652242   2.182
53394653131   2.531
53394653132   2.561
53394653141   2.431
53394653142   2.211
53394653231   2.291
53394653232   2.441
53394653241   2.122
53394653242   1.641
53394654131   0.791
53394654132   1.062
53394654141   0.911
53394654142   0.111
53394654231   1.562
53394652213   1.351
53394652214   1.511
53394652223   1.491
53394652224   2.051
53394653113   2.481
53394653114   2.582
53394653123   2.352
53394653124   2.362
53394653213   2.211
53394653214   2.362
53394653223   2.512
53394653224   1.052
53394654113   0.251
53394654114   0.661
53394654123   1.191
53394654124   0.981
53394652211   1.491
53394652212   1.611
53394652221   1.682
53394652222   2.091
53394653111   2.272
53394653112   2.551
53394653121   2.262
53394653122   2.171
53394653211   2.001
53394653212   2.011
53394653221   1.612
53394653222   0.692
53394654111   0.321
53394654112   0.032
53394654121   2.022
53394642344   1.152
53394642433   1.531
53394642434   1.652
53394642443   1.761
53394642444   1.681
53394643333   2.062
53394643334   2.372
53394643343   2.162
53394643344   1.952
53394643433   1.672
53394643434   1.251
53394643443   0.641
53394643444   0.191
53394644333   0.142
53394642342   1.411
53394642431   1.511
53394642432   1.541
53394642441   1.662
53394642442   1.651
53394643331   1.901
53394643332   2.241
53394643341   2.041
53394643342   2.011
53394643431   1.741
53394643432   1.031
53394644331   0.661
53394644332   0.542
53394642323   1.432
53394642324   1.581
53394642413   1.542
53394642414   1.562
53394642423   1.901
53394642424   2.251
53394643313   2.252
53394643314   2.042
53394643323   2.241
53394643324   2.231
53394643413   1.881
53394643414   0.941
53394644313   1.621
53394642312   0.351
53394642321   1.721
53394642322   1.621
53394642411   1.531
53394642412   1.851
53394642421   1.881
53394642422   1.981
53394643311   2.352
53394643312   2.151
53394643321   2.312
53394643322   2.512
53394643411   2.031
53394643412   0.801
53394643422   1.302
53394644311   2.551
53394642133   0.242
53394642134   0.881
53394642143   1.502
53394642144   1.481
53394642233   1.871
53394642234   2.052
53394642243   2.131
53394642244   2.332
53394643133   2.521
53394643134   2.571
53394643143   2.382
53394643144   2.531
53394643233   1.931
53394643234   0.782
53394643243   0.611
53394643244   2.091
53394642131   0.572
53394642132   0.921
53394642141   1.422
53394642142   1.602
53394642231   1.971
53394642232   2.041
53394642241   2.191
53394642242   2.262
53394643131   2.481
53394643132   2.462
53394643141   2.331
53394643142   2.521
53394643231   1.952
53394643232   0.582
53394643241   1.372
53394643242   2.592
53394641224   0.141
53394642113   0.522
53394642114   1.022
53394642123   1.571
53394642124   1.652
53394642213   1.652
53394642214   1.691
53394642223   1.891
53394642224   2.052
53394643113   2.512
53394643114   2.411
53394643123   2.211
53394643124   2.241
53394643213   1.811
53394643214   0.931
53394643223   0.711
53394643224   1.481
53394642111   0.282
53394642112   0.851
53394642121   1.452
53394642122   1.472
53394642211   1.662
53394642212   1.751
53394642221   1.581
53394642222   1.681
53394643111   2.081
53394643112   1.892
53394643121   2.072
53394643122   1.932
53394643211   1.182
53394643212   1.141
53394643221   1.171
53394631444   0.132
53394632333   0.482
53394632334   0.941
53394632343   1.461
53394632344   1.421
53394632433   1.532
53394632434   1.922
53394632443   1.492
53394632444   1.511
53394633333   1.602
53394633334   1.241
53394633343   1.741
53394633344   1.351
53394633433   0.742
53394633434   1.012
53394633443   1.501
53394631442   0.091
53394632331   0.501
53394632332   0.841
53394632341   1.332
53394632342   1.271
53394632431   0.872
53394632432   1.281
53394632441   1.341
53394632442   1.612
53394633331   1.571
53394633332   0.971
53394633341   1.292
53394633342   1.251
53394633431   0.722
53394633432   1.191
53394633441   1.592
53394632313   0.371
53394632314   0.662
53394632323   1.231
53394632324   1.332
53394632413   1.141
53394632414   1.132
53394632423   1.251
53394632424   1.431
53394633313   1.302
53394633314   1.361
53394633323   1.421
53394633324   0.871
53394633413   0.872
53394633414   1.852
53394631422   0.231
53394632311   0.221
53394632312   0.622
53394632321   1.211
53394632322   0.681
53394632411   0.492
53394632412   1.161
53394632421   1.072
53394632422   1.182
53394633311   1.111
53394633312   0.971
53394633321   1.112
53394633322   0.922
53394633411   1.051
53394633412   1.841
53394631244   0.142
53394632133   0.042
53394632134   0.351
53394632143   0.801
53394632144   0.752
53394632233   0.332
53394632234   1.001
53394632243   0.852
53394632244   1.161
53394633133   0.952
53394633134   0.602
53394633143   1.232
53394633144   1.411
53394633233   1.131
53394632131   0.471
53394632132   0.642
53394632141   0.242
53394632142   0.762
53394632231   0.911
53394632232   0.382
53394632241   0.331
53394632242   0.731
53394633131   0.721
53394633132   0.342
53394633141   0.741
53394633142   1.621
53394633231   1.712
53394632113   0.160
53394632213   0.430
53394632214   0.270
53394632224   0.900
53394633113   0.792
53394633114   0.471
53394633123   1.352
53394633124   2.161
53394632111   0.150
53394632112   0.470
53394632121   0.450
53394632122   0.090
53394632211   0.110
53394632212   0.590
53394632221   0.290
53394632222   0.450
53394633111   1.080
53394633112   1.450
53394633121   1.751
53394633122   2.341
53394622333   0.050
53394622334   0.340
53394622343   0.550
53394622344   0.420
53394622433   0.370
53394622434   0.360
53394622444   0.090
53394623333   0.650
53394623334   1.160
53394623343   2.380
53394623344   1.740
53394622332   0.040
53394622341   0.430
53394622342   0.330
53394622431   0.390
53394622442   0.140
53394623331   0.970
53394623332   1.550
53394623341   2.750
53394623342   2.470
53394621423   0.070
53394621424   0.280
53394622313   0.090
53394622314   0.400
53394622323   0.590
53394622324   0.520
53394622413   0.370
53394622423   0.040
53394622424   0.500
53394623313   1.280
53394623314   2.060
53394623323   2.700
53394623324   3.210
53394620422   0.089
53394621311   0.069
53394621421   0.080
53394622312   0.240
53394622321   0.800
53394622322   0.830
53394622411   0.220
53394622412   0.380
53394622421   1.180
53394622422   1.090
53394623311   1.680
53394623312   2.340
53394623321   3.260
53394623322   3.490
53394621133   0.119
53394622143   0.340
53394622144   0.290
53394622233   0.190
53394622234   0.640
53394622243   1.180
53394622244   1.580
53394623133   2.050
53394623134   2.670
53394623143   3.450
53394623144   3.230
53394622142   0.270
53394622231   0.310
53394622232   0.500
53394622241   0.910
53394622242   1.650
53394623131   2.110
53394623132   2.770
53394623141   3.170
53394623142   3.000
53394623231   3.160
53394622124   0.350
53394622213   0.680
53394622214   0.590
53394622223   0.660
53394622224   1.230
53394623113   1.840
53394623114   2.770
53394623123   2.920
53394623124   2.910
53394623213   3.100
53394621211   0.078
53394621212   0.588
53394622122   0.520
53394622211   0.740
53394622212   0.370
53394622221   0.360
53394622222   0.900
53394623111   1.930
53394623112   2.510
53394623121   2.690
53394623122   2.930
53394623211   2.790
53394623212   1.580
53394611334   0.092
53394611434   0.358
53394611443   0.158
53394612344   0.720
53394612433   0.810
53394612434   0.390
53394612443   0.450
53394612444   1.610
53394613333   2.100
53394613334   2.440
53394613343   2.560
53394613344   2.890
53394613433   3.050
53394613434   1.760
53394611332   0.152
53394611341   0.212
53394611342   0.172
53394611432   0.308
53394611441   0.898
53394612342   0.690
53394612431   0.810
53394612432   0.570
53394612441   1.000
53394612442   1.830
53394613331   2.250
53394613332   2.250
53394613341   2.480
53394613342   2.940
53394613431   2.830
53394613432   1.150
53394611314   0.051
53394611323   0.052
53394611413   0.028
53394611414   0.468
53394611423   0.418
53394612324   0.207
53394612413   0.210
53394612414   0.520
53394612423   1.560
53394612424   1.880
53394613313   2.410
53394613314   2.340
53394613323   2.130
53394613324   2.040
53394613413   2.540
53394613414   2.240
53394611312   0.049
53394611412   0.228
53394611421   0.328
53394612322   0.508
53394612411   0.158
53394612412   0.690
53394612421   1.480
53394612422   1.980
53394613311   2.330
53394613312   2.440
53394613321   2.010
53394613322   2.080
53394613411   2.250
53394613412   2.630
53394611133   0.216
53394611134   0.106
53394611243   0.188
53394612143   0.188
53394612144   0.498
53394612233   0.778
53394612234   0.900
53394612243   1.000
53394612244   1.960
53394613133   2.110
53394613134   2.520
53394613143   2.740
53394613144   2.120
53394613233   1.840
53394611131   0.286
53394611132   0.246
53394611141   0.096
53394611142   0.026
53394612132   0.307
53394612141   0.547
53394612142   0.668
53394612231   1.227
53394612232   0.387
53394612241   0.920
53394612242   1.740
53394613131   2.090
53394613132   2.530
53394613141   2.810
53394613142   0.940
53394611113   0.406
53394611114   0.336
53394611123   0.266
53394611124   0.086
53394611213   0.256
53394611214   0.146
53394612113   0.207
53394612114   0.757
53394612123   1.318
53394612124   1.447
53394612213   1.118
53394612223   0.288
53394612224   1.070
53394613113   1.550
53394613114   2.070
53394613123   2.500
53394613124   2.120
53394611111   0.196
53394611112   0.566
53394611121   0.156
53394611212   0.136
53394612111   0.728
53394612112   2.447
53394612121   1.727
53394612122   0.958
53394612211   0.807
53394612212   0.547
53394612221   0.437
53394612222   0.197
53394613111   1.390
53394613112   0.510
53394613121   1.290
53394613122   2.450
53394601333   0.136
53394601334   0.586
53394602334   3.018
53394602343   1.747
53394602344   0.387
53394602433   0.147
53394602434   0.277
53394602443   0.507
53394602444   0.197
53394603333   0.197
53394603343   0.730
53394601331   0.556
53394601332   0.586
53394601341   0.026
53394602341   0.727
53394602342   0.248
53394602432   0.487
53394602441   0.367
53394602442   0.247
53394603341   1.910
53394600424   0.226
53394601313   0.756
53394601314   0.396
53394602313   1.950
53394602314   0.910
53394602324   0.298
53394602413   0.758
53394602414   0.657
53394602423   0.677
53394603323   1.990
53394600422   0.576
53394601311   1.006
53394601312   0.436
53394602311   0.310
53394602411   0.228
53394602412   0.597
53394602421   0.547
53394603321   1.090
53394600244   0.966
53394601133   1.286
53394601134   0.316
53394602234   0.257
53394603143   0.670
53394600242   0.886
53394601131   0.856
53394602131   0.440
53394602241   0.496
53394602242   0.506
53394603131   0.516
53394600223   0.036
53394600224   0.666
53394601113   0.626
53394601224   0.768
53394602123   0.153
53394602213   0.066
53394602214   0.216
53394602223   0.686
53394600212   0.106
53394600221   0.886
53394600222   0.696
53394601111   0.836
53394601212   1.238
53394601222   1.028
53394602121   0.103
53394602211   0.055
53394602221   0.896
53393690434   0.105
53393690443   0.536
53393691433   0.248
53393691434   0.718
53393691443   0.438
53393691444   0.528
53393692343   0.403
53393692344   0.043
53393692434   0.030
53393690432   0.038
53393690441   0.034
53393691431   0.438
53393691432   0.548
53393691441   0.398
53393692331   0.173
53393692332   0.083
53393692341   0.463
53393692342   0.023
53393692432   0.050
53393690423   0.054
53393691413   1.118
53393691414   0.418
53393692313   0.173
53393692324   0.033
53393692414   0.980
53393690412   0.132
53393690421   0.013
53393691411   0.198
53393691412   0.138
53393692411   0.240
53393690234   0.291
53393690243   0.132
53393691244   0.530
53393692133   0.290
53393692134   0.240
53393692143   0.100
53393692144   0.840
53393692233   0.770
53393690232   0.120
53393690241   0.050
53393691232   0.027
53393691241   0.014
53393692131   0.080
53393692132   0.360
53393692141   0.490
53393692142   1.091
53393690214   0.165
53393690223   0.030
53393691214   0.037
53393692114   1.030
53393690221   0.095
53393692111   0.210
53393680443   0.050
53393680441   0.025
