53395552241   1.245
53395552242   1.195
53395553131   0.795
53395553132   1.325
53395553141   1.985
53395553142   2.235
53395553231   1.625
53395553232   1.435
53395553241   1.385
53395553242   1.485
53395553113   1.665
53395553114   2.155
53395553123   2.694
53395553124   2.744
53395553213   2.144
53395553214   1.794
53395553223   1.844
53395553224   2.044
53395554113   1.685
53395554114   1.425
53395554123   1.495
53395555113   1.075
53395555123   2.155
53395555124   2.415
53395555213   2.865
53395555214   3.155
53395555223   2.775
53395553111   1.695
53395553112   2.304
53395553121   2.814
53395553122   2.814
53395553211   2.744
53395553212   2.554
53395553221   1.974
53395553222   2.384
53395554111   2.984
53395554112   2.745
53395554121   1.865
53395554122   2.014
53395554211   1.934
53395554212   1.504
53395554221   1.804
53395554222   2.414
53395555111   2.004
53395555112   1.055
53395555121   2.664
53395555122   2.924
53395555211   3.274
53395555212   3.684
53395555221   3.664
53395555222   3.205
53395556111   3.495
53395543333   1.635
53395543334   2.335
53395543343   2.525
53395543344   2.515
53395543433   2.484
53395543434   2.414
53395543443   2.034
53395543444   2.354
53395544333   3.024
53395544334   3.285
53395544343   2.754
53395544344   2.664
53395544433   2.604
53395544434   2.374
53395544443   2.944
53395544444   3.284
53395545333   2.574
53395545334   2.584
53395545343   3.074
53395545344   3.514
53395545433   3.854
53395545434   4.104
53395545443   3.754
53395545444   2.255
53395546333   2.995
53395546334   3.195
53395542342   0.145
53395542431   0.255
53395542432   0.195
53395542442   0.725
53395543331   1.395
53395543332   1.635
53395543341   1.615
53395543342   2.045
53395543431   1.624
53395543432   1.744
53395543441   1.844
53395543442   2.254
53395544331   2.944
53395544332   3.644
53395544341   3.534
53395544342   3.164
53395544431   2.754
53395544432   2.824
53395544441   3.244
53395544442   3.394
53395545331   2.644
53395545332   2.624
53395545341   3.324
53395545342   4.004
53395545431   4.264
53395545432   4.244
53395545441   4.024
53395545442   3.295
53395546331   3.115
53395546332   2.934
53395546341   3.015
53395542323   0.065
53395542324   0.325
53395542413   0.615
53395542414   0.755
53395542423   0.795
53395542424   0.465
53395543313   0.275
53395543314   0.395
53395543323   0.405
53395543324   0.385
53395543413   0.015
53395543423   0.040
53395543424   1.745
53395544313   1.715
53395544314   2.124
53395544323   3.954
53395544324   2.594
53395544413   1.984
53395544414   2.504
53395544423   2.154
53395544424   2.484
53395545313   2.334
53395545314   3.054
53395545323   3.554
53395545324   3.884
53395545413   4.444
53395545414   4.254
53395545423   4.244
53395545424   3.584
53395546313   3.364
53395546314   3.124
53395546323   2.944
53395546324   2.804
53395542322   0.285
53395542411   0.745
53395542412   0.825
53395542421   0.935
53395542422   0.955
53395543311   0.675
53395543312   0.625
53395543321   0.625
53395543322   0.455
53395543411   0.161
53395543412   0.316
53395543421   0.390
53395543422   0.283
53395544311   0.354
53395544312   0.785
53395544321   1.565
53395544322   0.805
53395544411   0.365
53395544412   0.945
53395544421   0.785
53395544422   1.015
53395545311   0.675
53395545312   2.975
53395545321   3.824
53395545322   3.854
53395545411   3.774
53395545412   3.804
53395545421   3.984
53395545422   3.384
53395546311   3.194
53395546312   2.964
53395546321   2.864
53395546322   3.064
53395546411   2.225
53395542144   0.265
53395542233   0.495
53395542234   0.795
53395542243   0.955
53395542244   1.035
53395543133   0.875
53395543134   0.755
53395543143   0.705
53395543144   0.135
53395543233   0.569
53395543234   0.637
53395543243   0.690
53395543244   0.813
53395544133   0.884
53395544134   0.765
53395544143   1.035
53395544144   1.235
53395544233   0.955
53395544234   1.375
53395544243   1.355
53395544244   1.215
53395545133   0.925
53395545134   1.295
53395545143   3.354
53395545144   3.424
53395545233   3.114
53395545234   3.364
53395545243   3.614
53395545244   3.214
53395546133   2.934
53395546134   2.834
53395546143   2.914
53395546144   2.994
53395546233   2.885
53395546234   2.645
53395546243   1.865
53395542142   0.205
53395542231   0.125
53395542232   0.485
53395542241   0.565
53395542242   0.915
53395543131   0.915
53395543132   0.775
53395543141   0.655
53395543231   0.466
53395543232   0.429
53395543241   0.400
53395543242   0.314
53395544131   0.935
53395544132   1.105
53395544141   1.375
53395544142   1.015
53395544231   1.195
53395544232   1.515
53395544241   1.815
53395544242   1.765
53395545131   1.565
53395545132   1.665
53395545141   2.714
53395545142   3.914
53395545231   6.514
53395545232   6.854
53395545241   3.524
53395545242   3.254
53395546131   2.485
53395546132   2.244
53395546141   2.644
53395546142   2.954
53395546231   3.014
53395546232   3.285
53395546241   2.565
53395546242   1.575
53395547131   1.295
53395547132   1.306
53395542214   0.235
53395542223   0.085
53395542224   0.595
53395543113   0.785
53395543114   0.495
53395543123   0.095
53395543213   0.499
53395543214   0.281
53395543224   0.305
53395544113   0.975
53395544114   1.105
53395544123   1.245
53395544124   1.325
53395544213   1.695
53395544214   1.595
53395544223   1.705
53395544224   2.165
53395545113   2.005
53395545114   2.245
53395545123   1.535
53395545124   3.275
53395545213   5.184
53395545214   4.714
53395545223   3.624
53395545224   2.744
53395546113   2.464
53395546114   2.044
53395546123   2.764
53395546124   3.274
53395546213   3.194
53395546214   3.475
53395546223   1.495
53395546224   1.791
53395547113   2.699
53395547114   2.878
53395547123   2.837
53395547124   2.792
53395547213   2.855
53395547214   3.612
53395547223   4.156
53395547224   4.260
53395548113   4.099
53395548114   3.809
53395542212   0.135
53395542222   0.565
53395543111   0.495
53395543112   0.425
53395543211   0.292
53395543212   0.724
53395543221   0.755
53395543222   0.945
53395544111   1.105
53395544112   1.105
53395544121   1.185
53395544122   1.675
53395544211   2.195
53395544212   2.055
53395544221   2.115
53395544222   2.185
53395545111   1.825
53395545112   1.655
53395545121   1.535
53395545122   3.245
53395545211   3.314
53395545212   3.474
53395545221   3.724
53395545222   2.594
53395546111   2.684
53395546112   2.714
53395546121   3.194
53395546122   3.364
53395546211   3.284
53395546212   3.175
53395546221   3.219
53395546222   3.111
53395547111   3.158
53395547112   3.218
53395547121   3.356
53395547122   2.805
53395547211   2.656
53395547212   3.353
53395547221   3.857
53395547222   4.021
53395548111   3.921
53395548112   3.699
53395548121   3.407
53395548122   4.003
53395532434   0.255
53395532443   0.275
53395532444   0.755
53395533333   0.595
53395533334   0.635
53395533433   0.334
53395533434   1.024
53395533443   1.145
53395533444   1.205
53395534333   1.155
53395534334   1.125
53395534343   1.635
53395534344   1.765
53395534433   2.105
53395534434   1.995
53395534443   2.015
53395534444   2.025
53395535333   1.945
53395535334   1.875
53395535343   1.635
53395535344   1.775
53395535433   3.385
53395535434   3.714
53395535443   3.424
53395535444   2.634
53395536333   2.864
53395536334   3.424
53395536343   3.664
53395536344   3.514
53395536433   3.235
53395536434   3.064
53395536443   2.612
53395536444   2.677
53395537333   2.525
53395537334   1.730
53395537433   1.727
53395537434   2.590
53395537443   3.341
53395537444   3.135
53395538333   3.078
53395538334   3.248
53395538343   3.416
53395538344   3.548
53395538433   3.533
53395538434   3.678
53395539333   4.488
53395532442   0.335
53395533431   0.184
53395533432   0.634
53395533441   0.815
53395533442   0.795
53395534331   1.015
53395534332   1.175
53395534341   1.565
53395534342   1.595
53395534431   1.765
53395534432   2.015
53395534441   2.075
53395534442   2.255
53395535331   2.225
53395535332   1.955
53395535341   1.715
53395535342   1.425
53395535431   2.725
53395535432   3.544
53395535441   3.394
53395535442   3.144
53395536331   2.634
53395536332   3.684
53395536341   3.744
53395536342   3.305
53395536431   2.696
53395536432   1.860
53395536441   1.656
53395536442   1.266
53395537432   2.077
53395537441   2.597
53395537442   2.631
53395538331   3.398
53395538332   3.569
53395538341   3.400
53395538342   3.399
53395538431   3.407
53395538432   3.494
53395538441   3.895
53395538442   4.325
53395539331   4.107
53395533423   0.125
53395533424   0.165
53395534313   0.725
53395534314   0.675
53395534323   1.045
53395534324   1.285
53395534413   1.335
53395534414   1.655
53395534423   1.475
53395534424   1.795
53395535313   1.875
53395535314   1.295
53395535323   1.215
53395535324   1.085
53395535413   1.086
53395535414   2.235
53395535423   2.964
53395535424   3.374
53395536313   3.374
53395536314   3.144
53395536323   2.724
53395536324   2.631
53395536413   1.826
53395536414   0.923
53395537423   2.205
53395537424   2.765
53395538313   3.550
53395538314   3.968
53395538323   3.204
53395538324   3.241
53395538413   3.142
53395538414   3.291
53395538423   4.006
53395538424   4.354
53395539313   3.582
53395539314   2.456
53395534311   0.455
53395534312   0.475
53395534321   0.715
53395534322   0.895
53395534411   0.985
53395534412   1.165
53395534421   0.965
53395534422   1.345
53395535311   1.565
53395535312   1.145
53395535321   1.105
53395535322   1.205
53395535411   1.776
53395535412   1.666
53395535421   1.806
53395535422   3.015
53395536311   2.925
53395536312   2.525
53395536321   1.823
53395536322   1.699
53395537412   0.478
53395537421   1.967
53395537422   2.496
53395538311   3.297
53395538312   3.578
53395538321   3.218
53395538322   2.976
53395538411   2.932
53395538412   3.148
53395538421   4.184
53395538422   4.750
53395539311   4.497
53395539312   3.394
53395534134   0.125
53395534143   0.425
53395534144   0.445
53395534233   0.615
53395534234   0.895
53395534243   1.035
53395534244   1.115
53395535133   1.065
53395535134   0.835
53395535143   1.035
53395535144   0.995
53395535233   1.616
53395535234   1.966
53395535243   2.156
53395535244   0.967
53395536133   0.712
53395536134   0.709
53395536143   0.953
53395537234   0.187
53395537243   1.267
53395537244   1.962
53395538133   2.487
53395538134   3.051
53395538143   3.028
53395538144   2.845
53395538233   2.713
53395538234   3.001
53395538243   3.759
53395538244   4.715
53395539133   5.142
53395539134   4.578
53395539143   4.904
53395534142   0.035
53395534231   0.205
53395534232   0.705
53395534241   0.815
53395534242   0.755
53395535131   0.775
53395535132   0.665
53395535141   0.835
53395535142   0.655
53395535231   0.456
53395535232   0.526
53395535241   0.946
53395535242   0.136
53395537242   1.505
53395538131   2.189
53395538132   2.737
53395538141   2.830
53395538142   2.797
53395538231   2.712
53395538232   2.970
53395538241   3.632
53395538242   4.109
53395539131   4.797
53395539132   5.265
53395539141   4.974
53395534214   0.115
53395534223   0.245
53395534224   0.605
53395535113   0.875
53395535114   0.685
53395535123   0.605
53395537224   1.277
53395538113   1.766
53395538114   2.692
53395538123   2.792
53395538124   2.768
53395538213   2.995
53395538214   3.411
53395538223   4.006
53395538224   4.443
53395539113   4.351
53395539114   5.261
53395539123   5.191
53395539124   3.721
53395534222   0.135
53395535111   0.325
53395535112   0.465
53395535121   0.145
53395537222   0.866
53395538111   1.359
53395538112   2.214
53395538121   2.694
53395538122   3.017
53395538211   3.242
53395538212   3.954
53395538221   4.129
53395538222   4.587
53395539111   4.606
53395539112   5.026
53395539121   4.226
53395539122   4.092
53395527444   0.582
53395528333   1.261
53395528334   1.805
53395528343   2.833
53395528344   3.112
53395528433   3.300
53395528434   3.674
53395528443   3.860
53395528444   4.178
53395529333   4.389
53395529334   4.921
53395529343   4.354
53395529344   4.761
53395529433   4.199
53395527442   0.174
53395528331   1.053
53395528332   1.914
53395528341   2.697
53395528342   3.006
53395528431   2.974
53395528432   3.027
53395528441   3.375
53395528442   3.844
53395529331   3.857
53395529332   4.810
53395529341   3.719
53395529342   4.739
53395529431   3.899
53395528313   0.851
53395528314   1.787
53395528323   2.138
53395528324   2.513
53395528413   2.981
53395528414   3.056
53395528423   3.265
53395528424   3.868
53395529313   3.932
53395529314   3.483
53395529323   3.889
53395529324   4.758
53395529413   4.047
53395529414   4.265
53395528311   0.897
53395528312   1.358
53395528321   1.610
53395528322   2.172
53395528411   2.906
53395528412   3.124
53395528421   3.483
53395528422   3.713
53395529311   3.399
53395529312   2.419
53395529321   3.858
53395529322   4.658
53395529411   4.696
53395529412   5.055
53395528133   0.446
53395528134   1.104
53395528143   1.653
53395528144   2.783
53395528233   3.540
53395528234   3.688
53395528243   3.905
53395528244   3.942
53395529133   3.159
53395529134   1.949
53395529143   4.238
53395529144   4.227
53395529233   4.405
53395529234   5.053
53395529243   5.160
53395528132   0.686
53395528141   1.632
53395528142   3.169
53395528231   3.636
53395528232   3.482
53395528241   3.907
53395528242   3.869
53395529131   2.587
53395529132   1.719
53395529141   4.208
53395529142   3.946
53395529231   3.794
53395529232   4.421
53395529241   4.458
53395529242   4.542
53395620131   4.312
53395528114   0.418
53395528123   1.851
53395528124   3.018
53395528213   3.723
53395528214   3.585
53395528223   3.596
53395528224   3.875
53395529113   3.037
53395529114   2.681
53395529123   3.728
53395529124   3.826
53395529213   3.603
53395529214   4.300
53395529223   4.256
53395529224   4.373
53395620113   4.030
53395620114   4.024
53395528121   1.612
53395528122   2.788
53395528211   3.752
53395528212   3.941
53395528221   3.789
53395528222   4.023
53395529111   3.373
53395529112   2.223
53395529121   3.207
53395529122   3.166
53395529211   3.191
53395529212   4.069
53395529221   3.985
53395529222   4.342
53395620111   3.477
53395620112   3.829
53395620121   4.016
53395518343   1.076
53395518344   2.157
53395518433   2.999
53395518434   3.756
53395518443   3.449
53395518444   2.698
53395519333   3.468
53395519334   3.195
53395519343   3.258
53395519344   2.593
53395519433   2.108
53395519434   3.738
53395519443   4.003
53395519444   4.161
53395610333   3.275
53395610334   3.183
53395610343   3.553
53395610344   3.713
53395610433   4.052
53395518341   0.287
53395518342   1.522
53395518431   2.201
53395518432   2.966
53395518441   3.234
53395518442   2.698
53395519331   3.460
53395519332   3.187
53395519341   3.017
53395519342   2.311
53395519431   1.375
53395519432   3.402
53395519441   3.431
53395519442   3.680
53395610331   3.334
53395610332   2.890
53395610341   3.390
53395610342   3.261
53395610431   3.273
53395610432   3.963
53395518324   1.131
53395518413   1.700
53395518414   2.403
53395518423   2.973
53395518424   3.270
53395519313   3.451
53395519314   3.142
53395519323   2.835
53395519324   2.246
53395519413   1.858
53395519414   2.242
53395519423   3.082
53395519424   3.730
53395610313   2.825
53395610314   2.563
53395610323   2.220
53395610324   2.990
53395610413   1.470
53395610414   2.639
53395610423   3.771
53395518322   0.868
53395518411   1.380
53395518412   1.972
53395518421   2.072
53395518422   2.736
53395519311   3.146
53395519312   3.254
53395519321   2.730
53395519322   2.161
53395519411   2.691
53395519412   3.305
53395519421   3.445
53395519422   3.289
53395610311   2.414
53395610312   2.412
53395610321   1.670
53395610322   1.989
53395610411   1.018
53395610412   1.706
53395610421   3.528
53395518144   0.232
53395518233   1.096
53395518234   1.859
53395518243   1.230
53395518244   1.962
53395519133   3.061
53395519134   3.147
53395519143   2.384
53395519144   2.087
53395519233   2.584
53395519234   3.095
53395519243   3.771
53395519244   3.565
53395610133   3.332
53395610134   2.259
53395610143   1.537
53395610144   1.376
53395610233   1.386
53395610234   1.766
53395610243   2.969
53395518231   0.797
53395518232   1.478
53395518241   1.312
53395518242   1.673
53395519131   3.141
53395519132   3.150
53395519141   2.351
53395519142   1.971
53395519231   1.951
53395519232   2.923
53395519241   3.504
53395519242   3.540
53395610131   3.287
53395610132   3.236
53395610141   2.685
53395610142   2.585
53395610231   1.885
53395610232   2.696
53395610241   2.757
53395518214   1.312
53395518223   1.508
53395518224   1.712
53395519113   2.963
53395519114   2.973
53395519123   2.018
53395519124   1.212
53395519213   1.147
53395519214   2.568
53395519223   3.104
53395519224   3.322
53395610113   3.182
53395610114   3.463
53395610123   3.544
53395610124   3.144
53395610213   3.055
53395610214   3.033
53395610223   2.715
53395610224   1.618
53395518212   0.943
53395518221   1.248
53395518222   1.803
53395519111   2.764
53395519112   2.775
53395519121   1.916
53395519122   1.011
53395519211   1.225
53395519212   2.544
53395519221   3.031
53395519222   3.231
53395610111   3.204
53395610112   3.489
53395610121   3.772
53395610122   3.513
53395610211   2.982
53395610212   2.664
53395610221   2.315
53395610222   1.871
53395508443   0.736
53395508444   1.478
53395509333   2.240
53395509334   2.278
53395509343   1.904
53395509344   1.147
53395509433   1.094
53395509434   2.487
53395509443   2.825
53395509444   3.026
53395600333   3.272
53395600334   3.232
53395600343   2.859
53395600344   3.032
53395600433   3.122
53395600434   3.013
53395600443   2.780
53395600444   2.797
53395601333   2.702
53395508441   0.280
53395508442   1.507
53395509331   2.317
53395509332   2.210
53395509341   1.759
53395509342   1.216
53395509431   1.445
53395509432   2.611
53395509441   3.107
53395509442   3.285
53395600331   2.958
53395600332   2.683
53395600341   2.661
53395600342   2.321
53395600431   3.121
53395600432   3.141
53395600441   2.989
53395600442   3.105
53395601331   2.490
53395601332   1.944
53395508424   1.089
53395509313   2.036
53395509314   2.224
53395509323   2.251
53395509324   2.392
53395509413   2.386
53395509414   2.817
53395509423   3.178
53395509424   3.387
53395600313   3.035
53395600314   1.561
53395600323   1.101
53395600324   2.321
53395600413   3.280
53395600414   3.179
53395600423   3.168
53395600424   2.933
53395601313   2.687
53395601314   2.390
53395601323   2.763
53395508422   0.415
53395509311   1.680
53395509312   2.006
53395509321   2.166
53395509322   2.320
53395509411   2.653
53395509412   2.719
53395509421   3.086
53395509422   3.404
53395600311   2.523
53395600312   1.661
53395600321   1.001
53395600322   2.740
53395600411   3.140
53395600412   3.188
53395600421   3.116
53395600422   3.042
53395601311   3.095
53395601312   2.927
53395601321   3.239
53395601322   3.321
53395603422   1.498
53395604311   1.608
53395604312   1.358
53395604321   1.118
53395509133   0.772
53395509134   1.653
53395509143   1.763
53395509144   1.771
53395509233   2.443
53395509234   2.431
53395509243   2.042
53395509244   2.416
53395600133   2.564
53395600134   1.766
53395600143   1.230
53395600144   2.540
53395600233   3.000
53395600234   3.167
53395600243   3.255
53395600244   3.271
53395601133   3.153
53395601134   3.144
53395601143   3.395
53395601144   3.634
53395601233   3.496
53395601234   3.291
53395603233   1.628
53395603234   2.448
53395603243   3.028
53395603244   3.218
53395604133   3.188
53395604134   2.868
53395604143   2.938
53395604144   2.078
53395604233   1.528
53395604234   0.228
53395509131   0.237
53395509132   1.003
53395509141   1.263
53395509142   1.638
53395509231   1.991
53395509232   1.955
53395509241   1.640
53395509242   1.976
53395600131   2.514
53395600132   2.082
53395600141   1.550
53395600142   1.900
53395600231   2.406
53395600232   2.806
53395600241   3.095
53395600242   2.911
53395601131   2.802
53395601132   2.622
53395601141   2.922
53395601142   3.051
53395601231   3.124
53395601232   3.750
53395601241   3.690
53395601242   3.647
53395602241   1.113
53395602242   0.971
53395603131   1.200
53395603132   2.217
53395603141   1.706
53395603142   0.689
53395603231   2.158
53395603232   2.968
53395603241   3.108
53395603242   3.088
53395604131   2.968
53395604132   2.708
53395604141   2.908
53395604142   2.728
53395604231   2.248
53395604232   2.128
53395604241   1.198
53395509123   0.553
53395509124   0.986
53395509213   1.150
53395509214   1.617
53395509223   1.549
53395509224   2.279
53395600113   2.826
53395600114   2.888
53395600123   2.284
53395600124   1.117
53395600213   1.057
53395600214   1.284
53395600223   1.500
53395600224   0.997
53395601113   1.087
53395601114   1.338
53395601123   2.300
53395601124   2.459
53395601213   2.702
53395601214   3.237
53395601223   3.368
53395601224   3.428
53395602113   3.231
53395602114   3.323
53395602123   3.072
53395602124   3.251
53395602213   3.158
53395602214   2.068
53395602223   1.484
53395602224   1.588
53395603113   1.764
53395603114   2.648
53395603123   1.561
53395603124   1.608
53395603213   1.498
53395603214   2.768
53395603223   3.338
53395603224   3.158
53395604113   2.658
53395604114   2.698
53395604123   2.838
53395604124   2.858
53395604213   2.398
53395604214   2.918
53395604223   2.598
53395604224   1.668
53395509121   0.117
53395509122   0.217
53395509211   1.193
53395509212   1.806
53395509221   2.045
53395509222   2.930
53395600111   3.294
53395600112   3.374
53395600121   2.954
53395600122   2.148
53395600211   2.386
53395600212   2.556
53395600221   2.380
53395600222   0.310
53395601111   0.653
53395601112   0.898
53395601121   1.945
53395601122   2.333
53395601211   2.471
53395601212   2.869
53395601221   2.909
53395601222   2.472
53395602111   2.360
53395602112   2.825
53395602121   2.253
53395602122   2.322
53395602211   2.220
53395602212   1.293
53395602221   0.878
53395602222   0.557
53395603111   0.897
53395603112   1.827
53395603121   0.440
53395603122   2.218
53395603211   1.398
53395603212   2.548
53395603221   3.128
53395603222   2.978
53395604111   2.698
53395604112   2.698
53395604121   2.758
53395604122   2.868
53395604211   1.988
53395604212   2.848
53395604221   3.278
53395604222   3.058
53395605111   1.948
53394599344   0.326
53394599433   1.740
53394599434   1.709
53394599443   2.421
53394599444   3.043
53394690333   3.049
53394690334   3.070
53394690343   2.789
53394690344   2.270
53394690433   2.419
53394690434   2.862
53394690443   3.041
53394690444   2.856
53394691333   2.873
53394691334   2.311
53394691343   2.395
53394691344   2.753
53394691433   2.611
53394691434   2.419
53394691443   2.507
53394691444   2.364
53394692333   2.691
53394692334   3.100
53394692343   2.699
53394692344   2.177
53394692433   3.557
53394692434   3.167
53394692443   2.987
53394692444   2.876
53394693333   3.226
53394693334   2.516
53394693343   2.336
53394693344   4.176
53394693433   1.598
53394693434   1.478
53394693443   2.828
53394693444   3.168
53394694333   2.618
53394694334   2.678
53394694343   2.748
53394694344   2.638
53394694433   1.738
53394694434   2.518
53394694443   3.188
53394694444   3.418
53394695333   3.128
53394695334   1.488
53394599431   0.986
53394599432   1.478
53394599441   2.615
53394599442   2.940
53394690331   2.795
53394690332   2.856
53394690341   2.671
53394690342   2.279
53394690431   2.354
53394690432   2.878
53394690441   3.057
53394690442   3.284
53394691331   3.022
53394691332   2.591
53394691341   2.915
53394691342   3.703
53394691431   3.770
53394691432   3.558
53394691441   3.807
53394691442   3.175
53394692331   1.791
53394692332   2.839
53394692341   2.638
53394692342   2.407
53394692431   4.167
53394692432   4.296
53394692441   4.226
53394692442   4.156
53394693331   4.086
53394693332   3.596
53394693341   3.516
53394693342   3.346
53394693431   1.148
53394693432   1.448
53394693441   2.578
53394693442   2.948
53394694331   2.818
53394694332   2.828
53394694341   2.418
53394694342   1.948
53394694431   1.548
53394694432   1.238
53394694441   2.738
53394694442   3.058
53394695331   3.388
53394695332   2.348
53394599414   1.196
53394599423   2.674
53394599424   2.720
53394690313   2.493
53394690314   2.451
53394690323   2.483
53394690324   2.282
53394690413   2.469
53394690414   2.796
53394690423   2.715
53394690424   2.702
53394691313   2.670
53394691314   2.930
53394691323   3.685
53394691324   3.912
53394691413   3.960
53394691414   4.038
53394691423   3.667
53394691424   3.535
53394692313   1.741
53394692314   2.249
53394692323   2.798
53394692324   3.377
53394692413   4.297
53394692414   4.287
53394692423   4.046
53394692424   4.056
53394693313   4.566
53394693314   4.966
53394693323   4.556
53394693324   3.556
53394693413   3.816
53394693414   1.758
53394693423   2.078
53394693424   3.068
53394694313   3.208
53394694314   3.168
53394694323   2.468
53394694324   1.558
53394694413   1.418
53394694414   1.388
53394694423   3.408
53394694424   3.238
53394695313   3.268
53394695314   3.068
53394695323   1.668
53394599421   1.987
53394599422   2.371
53394690311   2.082
53394690312   2.037
53394690321   2.086
53394690322   2.075
53394690411   2.665
53394690412   2.803
53394690421   2.632
53394690422   2.370
53394691311   2.358
53394691312   2.790
53394691321   3.605
53394691322   3.732
53394691411   4.070
53394691412   3.968
53394691421   3.596
53394691422   3.464
53394692311   3.181
53394692312   3.059
53394692321   3.728
53394692322   4.097
53394692411   4.327
53394692412   4.207
53394692421   3.806
53394692422   3.906
53394693311   4.576
53394693312   5.106
53394693321   5.006
53394693322   4.316
53394693411   4.316
53394693412   1.948
53394693421   1.618
53394693422   2.878
53394694311   3.088
53394694312   3.218
53394694321   2.768
53394694322   1.788
53394694411   2.239
53394694412   2.229
53394694421   3.908
53394694422   3.708
53394695311   3.198
53394695312   3.308
53394695321   2.428
53394695322   1.388
53394599244   1.387
53394690133   1.630
53394690134   1.554
53394690143   1.721
53394690144   1.658
53394690233   2.561
53394690234   2.760
53394690243   2.689
53394690244   2.658
53394691133   2.587
53394691134   2.909
53394691143   3.415
53394691144   3.372
53394691233   3.959
53394691234   3.777
53394691243   3.535
53394691244   3.573
53394692133   3.630
53394692134   3.649
53394692143   3.898
53394692144   4.057
53394692233   4.297
53394692234   4.166
53394692243   4.046
53394692244   4.146
53394693133   4.456
53394693134   4.886
53394693143   5.026
53394693144   4.646
53394693233   4.636
53394693234   2.048
53394693243   1.408
53394693244   2.288
53394694133   2.868
53394694134   2.868
53394694143   2.658
53394694144   1.998
53394694233   2.849
53394694234   3.049
53394694243   4.038
53394694244   3.768
53394695133   3.518
53394695134   3.558
53394695143   3.258
53394695144   2.138
53394690131   0.759
53394690132   1.116
53394690141   1.037
53394690142   1.013
53394690231   1.667
53394690232   2.377
53394690241   2.447
53394690242   2.456
53394691131   2.656
53394691132   2.979
53394691141   3.205
53394691142   3.171
53394691231   3.849
53394691232   3.656
53394691241   3.364
53394691242   3.562
53394692131   3.760
53394692132   3.649
53394692141   3.708
53394692142   3.917
53394692231   3.996
53394692232   4.026
53394692241   4.076
53394692242   4.196
53394693131   4.526
53394693132   4.916
53394693141   4.476
53394693142   2.368
53394693231   2.308
53394693232   1.918
53394693241   1.508
53394693242   2.128
53394694131   2.188
53394694132   2.388
53394694141   2.538
53394694142   2.208
53394694231   2.459
53394694232   3.049
53394694241   3.868
53394694242   3.618
53394695131   3.578
53394695132   3.658
53394695141   3.498
53394695142   3.048
53394690123   0.631
53394690124   0.600
53394690213   0.784
53394690214   1.415
53394690223   1.854
53394690224   1.794
53394691113   2.045
53394691114   2.539
53394691123   2.734
53394691124   2.500
53394691213   2.778
53394691214   3.015
53394691223   3.093
53394691224   3.491
53394692113   3.620
53394692114   3.379
53394692123   3.428
53394692124   3.377
53394692213   3.276
53394692214   3.466
53394692223   3.896
53394692224   4.016
53394693113   4.366
53394693114   4.436
53394693123   3.266
53394693124   2.318
53394693213   2.378
53394693214   2.038
53394693223   1.568
53394693224   2.298
53394694113   2.348
53394694114   2.158
53394694123   1.758
53394694124   2.128
53394694213   2.298
53394694214   2.918
53394694223   3.798
53394694224   3.678
53394695113   3.478
53394695114   3.728
53394695123   3.918
53394695124   3.548
53394695213   2.018
53394690122   0.526
53394690211   0.166
53394690212   0.240
53394690221   0.800
53394690222   1.142
53394691111   1.504
53394691112   1.938
53394691121   2.004
53394691122   1.469
53394691211   1.716
53394691212   2.004
53394691221   2.472
53394691222   3.040
53394692111   3.139
53394692112   3.048
53394692121   3.047
53394692122   2.917
53394692211   2.766
53394692212   2.826
53394692221   3.215
53394692222   3.405
53394693111   3.856
53394693112   3.946
53394693121   3.445
53394693122   2.159
53394693211   2.128
53394693212   1.769
53394693221   1.568
53394693222   1.538
53394694111   2.288
53394694112   2.388
53394694121   1.908
53394694122   2.788
53394694211   3.148
53394694212   3.268
53394694221   3.218
53394694222   3.228
53394695111   3.358
53394695112   3.968
53394695121   4.148
53394695122   3.618
53394695211   2.528
53394680443   0.043
53394680444   0.039
53394681334   0.805
53394681343   1.231
53394681344   1.506
53394681433   1.624
53394681434   1.752
53394681443   2.091
53394681444   2.719
53394682333   3.037
53394682334   3.216
53394682343   2.996
53394682344   2.696
53394682433   2.616
53394682434   2.575
53394682443   2.865
53394682444   3.035
53394683333   2.935
53394683334   4.055
53394683343   3.865
53394683344   2.033
53394683433   2.248
53394683434   2.114
53394683443   2.163
53394683444   1.938
53394684333   1.988
53394684334   1.938
53394684343   2.268
53394684344   3.628
53394684433   3.208
53394684434   3.118
53394684443   3.058
53394684444   2.668
53394685333   2.188
53394685334   2.748
53394685343   3.518
53394685344   3.518
53394685433   2.848
53394685434   0.538
53394681341   0.457
53394681342   1.504
53394681431   1.602
53394681432   1.381
53394681441   1.659
53394681442   2.187
53394682331   2.626
53394682332   3.225
53394682341   2.844
53394682342   2.624
53394682431   2.454
53394682432   2.264
53394682441   2.584
53394682442   2.863
53394683331   1.294
53394683332   1.225
53394683341   1.949
53394683342   3.321
53394683431   1.978
53394683432   2.170
53394683441   2.329
53394683442   2.238
53394684331   2.178
53394684332   1.638
53394684341   2.528
53394684342   4.368
53394684431   2.988
53394684432   2.478
53394684441   2.578
53394684442   2.168
53394685331   1.288
53394685332   1.318
53394685341   2.198
53394685342   3.318
53394685431   2.978
53394685432   0.328
53394681324   1.142
53394681413   1.471
53394681414   1.320
53394681423   1.168
53394681424   1.696
53394682313   2.264
53394682314   3.034
53394682323   2.913
53394682324   2.672
53394682413   2.332
53394682414   2.101
53394682423   2.321
53394682424   2.801
53394683313   1.851
53394683323   0.093
53394683324   1.946
53394683413   0.719
53394683414   1.700
53394683423   2.149
53394683424   2.339
53394684313   2.348
53394684314   1.748
53394684323   2.378
53394684324   3.008
53394684413   2.858
53394684414   2.368
53394684423   2.278
53394684424   1.778
53394685313   0.938
53394685324   2.228
53394685413   2.198
53394681322   0.941
53394681411   1.299
53394681412   0.958
53394681421   1.016
53394681422   1.404
53394682311   1.813
53394682312   2.462
53394682321   3.071
53394682322   2.740
53394682411   2.269
53394682412   2.198
53394682421   2.228
53394682422   2.618
53394683311   0.919
53394683312   0.101
53394683321   1.477
53394683322   2.834
53394683411   2.063
53394683412   0.860
53394683421   1.679
53394683422   1.779
53394684311   1.628
53394684312   1.408
53394684321   2.348
53394684322   2.718
53394684411   2.298
53394684412   2.058
53394684421   1.698
53394684422   1.368
53394685311   2.918
53394685312   1.453
53394685321   1.182
53394685322   1.288
53394685411   1.238
53394681144   0.069
53394681233   1.136
53394681234   0.885
53394681243   0.993
53394681244   1.162
53394682133   1.651
53394682134   2.070
53394682143   2.659
53394682144   2.717
53394682233   2.397
53394682234   2.395
53394682243   2.265
53394682244   2.784
53394683134   1.246
53394683143   3.595
53394683144   3.275
53394683233   0.222
53394683234   1.665
53394683243   3.523
53394683244   0.809
53394684134   1.118
53394684143   2.148
53394684144   1.958
53394684233   1.668
53394684234   1.318
53394684243   3.229
53394684244   4.456
53394685133   4.284
53394685134   3.834
53394685143   3.642
53394685144   3.054
53394681231   1.194
53394681232   1.013
53394681241   0.801
53394681242   0.610
53394682131   1.118
53394682132   1.748
53394682141   2.376
53394682142   2.695
53394682231   2.494
53394682232   2.492
53394682241   2.440
53394682242   2.729
53394683131   2.346
53394683132   4.175
53394683141   3.804
53394683142   3.655
53394683231   1.763
53394683232   2.046
53394683241   3.443
53394683242   3.973
53394684131   2.886
53394684132   3.819
53394684141   4.088
53394684142   3.810
53394684231   3.546
53394684232   3.187
53394684241   3.165
53394684242   4.906
53394685131   4.964
53394685132   4.954
53394685141   4.283
53394685142   3.103
53394681213   0.864
53394681214   1.060
53394681223   0.918
53394681224   0.646
53394682113   1.095
53394682114   1.805
53394682123   2.275
53394682124   2.773
53394682213   2.672
53394682214   2.641
53394682223   2.629
53394682224   2.907
53394683113   5.394
53394683114   4.765
53394683123   4.085
53394683124   4.054
53394683213   3.694
53394683214   2.995
53394683223   3.595
53394683224   3.555
53394684113   3.575
53394684114   3.846
53394684123   3.233
53394684124   2.981
53394684213   3.197
53394684214   3.335
53394684223   4.267
53394684224   4.816
53394685113   4.394
53394685114   4.723
53394685123   4.454
53394685124   3.593
53394681212   0.816
53394681221   0.995
53394681222   1.124
53394682111   1.504
53394682112   1.994
53394682121   2.024
53394682122   2.402
53394682211   2.690
53394682212   2.869
53394682221   2.718
53394682222   2.827
53394683111   3.636
53394683112   4.025
53394683121   4.114
53394683122   4.044
53394683211   3.705
53394683212   3.284
53394683221   4.036
53394683222   3.675
53394684111   3.896
53394684112   4.045
53394684121   3.458
53394684122   2.998
53394684211   3.326
53394684212   4.125
53394684221   4.555
53394684222   4.084
53394685111   3.856
53394685112   3.735
53394685121   4.225
53394685122   3.773
53394671434   0.924
53394671443   1.093
53394671444   1.313
53394672333   1.483
53394672334   1.973
53394672343   2.143
53394672344   2.122
53394672433   2.549
53394672434   2.818
53394672443   2.808
53394672444   2.765
53394673333   3.366
53394673334   3.745
53394673343   3.804
53394673344   3.814
53394673433   3.404
53394673434   3.225
53394673443   3.674
53394673444   3.694
53394674333   4.033
53394674334   4.494
53394674343   3.853
53394674344   3.567
53394674433   3.595
53394674434   4.345
53394674443   4.764
53394674444   4.104
53394675333   4.018
53394675334   3.267
53394675343   3.715
53394675344   3.805
53394671432   1.683
53394671441   1.383
53394671442   1.233
53394672331   1.283
53394672332   1.742
53394672341   2.132
53394672342   2.201
53394672431   2.679
53394672432   3.038
53394672441   3.157
53394672442   3.135
53394673331   3.364
53394673332   3.534
53394673341   3.424
53394673342   3.554
53394673431   3.683
53394673432   3.465
53394673441   3.745
53394673442   4.076
53394674331   4.154
53394674332   4.493
53394674341   3.895
53394674342   3.866
53394674431   4.027
53394674432   4.235
53394674441   4.194
53394674442   3.564
53394675331   3.196
53394675332   3.009
53394675341   3.295
53394671414   2.483
53394671423   1.412
53394671424   1.003
53394672313   1.383
53394672314   1.451
53394672323   1.832
53394672324   2.200
53394672413   2.615
53394672414   3.308
53394672423   3.315
53394672424   3.274
53394673313   3.404
53394673314   3.384
53394673323   3.474
53394673324   3.655
53394673413   3.765
53394673414   3.474
53394673423   3.897
53394673424   4.055
53394674313   4.413
53394674314   4.384
53394674323   3.896
53394674324   4.045
53394674413   4.335
53394674414   4.405
53394674423   4.246
53394674424   3.365
53394675313   2.434
53394675314   2.995
53394675323   3.189
53394671412   0.411
53394671421   1.110
53394671422   1.207
53394672311   1.206
53394672312   1.416
53394672321   1.587
53394672322   1.848
53394672411   2.198
53394672412   3.137
53394672421   3.034
53394672422   3.269
53394673311   3.384
53394673312   3.305
53394673321   3.363
53394673322   3.483
53394673411   3.743
53394673412   3.313
53394673421   4.174
53394673422   4.205
53394674311   4.355
53394674312   4.125
53394674321   4.025
53394674322   4.245
53394674411   4.338
53394674412   4.304
53394674421   4.284
53394674422   3.564
53394675311   3.466
53394675312   3.624
53394671243   0.780
53394671244   0.927
53394672133   0.986
53394672134   1.287
53394672143   1.518
53394672144   1.847
53394672233   1.841
53394672234   2.727
53394672243   3.137
53394672244   3.157
53394673133   3.204
53394673134   3.232
53394673143   3.208
53394673144   3.164
53394673233   3.483
53394673234   3.342
53394673243   4.157
53394673244   4.255
53394674133   4.183
53394674134   4.145
53394674143   4.246
53394674144   4.235
53394674233   4.005
53394674234   3.954
53394674243   4.564
53394674244   4.333
53394675133   3.904
53394671242   0.926
53394672131   0.977
53394672132   1.137
53394672141   1.468
53394672142   1.887
53394672231   1.708
53394672232   2.327
53394672241   2.925
53394672242   2.985
53394673131   2.894
53394673132   3.045
53394673141   3.065
53394673142   2.944
53394673231   2.714
53394673232   3.586
53394673241   4.835
53394673242   4.165
53394674131   4.166
53394674132   4.190
53394674141   4.137
53394674142   4.235
53394674231   4.134
53394674232   3.984
53394674241   4.255
53394674242   4.055
53394675131   3.584
53394671224   0.786
53394672113   0.836
53394672114   0.998
53394672123   1.277
53394672124   1.679
53394672213   1.558
53394672214   2.196
53394672223   2.766
53394672224   2.795
53394673113   2.595
53394673114   2.855
53394673123   2.893
53394673124   2.814
53394673213   1.914
53394673214   3.256
53394673223   4.014
53394673224   4.195
53394674113   4.235
53394674114   4.186
53394674123   4.187
53394674124   4.165
53394674213   3.294
53394674214   3.685
53394674223   3.453
53394674224   3.663
53394675113   3.436
53394671222   0.416
53394672111   0.626
53394672112   0.918
53394672121   1.187
53394672122   1.527
53394672211   1.786
53394672212   2.086
53394672221   2.485
53394672222   2.814
53394673111   2.565
53394673112   2.663
53394673121   2.703
53394673122   2.555
53394673211   2.257
53394673212   3.015
53394673221   3.285
53394673222   4.115
53394674111   4.046
53394674112   4.015
53394674121   4.309
53394674122   4.226
53394674211   3.994
53394674212   3.995
53394674221   3.933
53394674222   3.276
53394675111   3.124
53394662333   0.306
53394662334   0.737
53394662343   0.947
53394662344   1.237
53394662433   1.627
53394662434   1.956
53394662443   2.265
53394662444   2.524
53394663333   1.363
53394663334   2.554
53394663343   2.513
53394663344   2.504
53394663433   3.034
53394663434   3.294
53394663443   2.835
53394663444   3.835
53394664333   4.077
53394664334   3.985
53394664343   4.015
53394664344   4.096
53394664433   4.226
53394664434   4.225
53394664443   4.445
53394664444   3.136
53394665333   3.186
53394662342   1.015
53394662431   1.266
53394662432   1.625
53394662441   1.794
53394662442   2.003
53394663331   1.853
53394663332   2.263
53394663341   2.473
53394663342   3.013
53394663431   3.173
53394663432   3.523
53394663441   3.053
53394663442   3.065
53394664331   3.924
53394664332   4.045
53394664341   3.823
53394664342   3.856
53394664431   4.076
53394664432   4.374
53394664441   4.145
53394664442   3.455
53394665331   3.447
53394662413   0.975
53394662414   1.004
53394662423   1.523
53394662424   1.763
53394663313   1.972
53394663314   2.263
53394663323   2.923
53394663324   3.202
53394663413   3.103
53394663414   3.404
53394663423   3.284
53394663424   2.885
53394664313   3.445
53394664314   3.554
53394664323   3.374
53394664324   3.645
53394664413   4.176
53394664414   4.344
53394664423   4.175
53394664424   3.765
53394665313   3.724
53394662411   0.384
53394662412   0.443
53394662421   1.062
53394662422   1.541
53394663311   2.531
53394663312   2.912
53394663321   2.952
53394663322   3.182
53394663411   3.123
53394663412   3.314
53394663421   2.603
53394663422   2.624
53394664311   2.604
53394664312   3.565
53394664321   3.414
53394664322   3.764
53394664411   4.175
53394664412   4.276
53394664421   3.994
53394664422   3.395
53394665311   3.235
53394662243   0.770
53394662244   1.660
53394663133   3.011
53394663134   3.451
53394663143   3.241
53394663144   3.132
53394663233   3.323
53394663234   3.412
53394663243   2.313
53394663244   2.202
53394664133   2.603
53394664134   3.355
53394664143   3.523
53394664144   3.745
53394664233   4.254
53394664234   4.165
53394664243   3.935
53394664244   3.196
53394662241   0.829
53394662242   1.810
53394663131   3.200
53394663132   3.531
53394663141   3.391
53394663142   3.262
53394663231   3.402
53394663232   3.342
53394663241   2.702
53394663242   2.752
53394664131   3.023
53394664132   3.192
53394664141   3.334
53394664142   3.745
53394664231   4.313
53394664232   4.224
53394664241   4.017
53394664242   3.357
53394662223   0.969
53394662224   2.249
53394663113   3.170
53394663114   3.420
53394663123   3.501
53394663124   3.361
53394663213   3.541
53394663214   3.601
53394663223   3.171
53394663224   3.381
53394664113   3.572
53394664114   3.413
53394664123   3.403
53394664124   3.745
53394664213   4.304
53394664214   4.334
53394664223   3.874
53394664224   3.679
53394662221   1.089
53394662222   2.559
53394663111   3.280
53394663112   3.300
53394663121   3.491
53394663122   3.670
53394663211   3.640
53394663212   3.270
53394663221   3.290
53394663222   3.601
53394664111   3.612
53394664112   3.372
53394664121   3.143
53394664122   3.495
53394664211   4.105
53394664212   3.693
53394664221   3.405
53394664222   3.808
53394652443   1.688
53394652444   3.019
53394653333   3.320
53394653334   3.300
53394653343   3.290
53394653344   3.530
53394653433   3.591
53394653434   3.459
53394653443   3.390
53394653444   3.591
53394654333   3.591
53394654334   3.041
53394654343   3.183
53394654344   2.547
53394654433   3.405
53394654434   2.694
53394654443   3.049
53394654444   3.846
53394652432   0.536
53394652441   2.498
53394652442   3.049
53394653331   3.280
53394653332   3.219
53394653341   3.250
53394653342   3.260
53394653431   3.529
53394653432   3.530
53394653441   3.540
53394653442   3.660
53394654331   3.130
53394654332   2.163
53394654341   2.852
53394654342   1.684
53394654431   2.762
53394654432   2.267
53394654441   3.487
53394652414   1.397
53394652423   2.648
53394652424   3.070
53394653313   3.279
53394653314   3.279
53394653323   3.310
53394653324   3.149
53394653413   3.179
53394653414   3.340
53394653423   3.450
53394653424   3.470
53394654313   2.831
53394654314   1.950
53394654323   2.191
53394654413   0.812
53394654414   2.265
53394654423   3.934
53394652412   1.717
53394652421   2.708
53394652422   3.079
53394653311   3.229
53394653312   3.139
53394653321   3.299
53394653322   3.169
53394653411   3.238
53394653412   3.269
53394653421   3.529
53394653422   3.239
53394654311   2.560
53394654312   2.140
53394654321   2.261
53394654322   1.160
53394654411   1.161
53394654412   2.342
53394652234   2.227
53394652243   2.658
53394652244   3.088
53394653133   3.388
53394653134   3.358
53394653143   3.138
53394653144   3.018
53394653233   3.169
53394653234   3.179
53394653243   3.109
53394653244   2.579
53394654133   1.931
53394654134   2.031
53394654143   1.950
53394654144   0.950
53394654233   1.330
53394652231   1.335
53394652232   2.156
53394652241   2.337
53394652242   2.968
53394653131   3.318
53394653132   3.347
53394653141   3.218
53394653142   2.997
53394653231   3.078
53394653232   3.228
53394653241   2.908
53394653242   2.429
53394654131   1.580
53394654132   1.850
53394654141   1.699
53394654142   0.900
53394654231   2.350
53394652213   2.135
53394652214   2.296
53394652223   2.277
53394652224   2.838
53394653113   3.268
53394653114   3.367
53394653123   3.137
53394653124   3.147
53394653213   2.998
53394653214   3.148
53394653223   3.298
53394653224   1.838
53394654113   1.039
53394654114   1.450
53394654123   1.979
53394654124   1.769
53394652211   2.275
53394652212   2.395
53394652221   2.466
53394652222   2.877
53394653111   3.057
53394653112   3.336
53394653121   3.046
53394653122   2.956
53394653211   2.787
53394653212   2.797
53394653221   2.397
53394653222   1.478
53394654111   1.109
53394654112   0.818
53394654121   2.810
53394642344   1.933
53394642433   2.314
53394642434   2.435
53394642443   2.545
53394642444   2.466
53394643333   2.846
53394643334   3.156
53394643343   2.945
53394643344   2.736
53394643433   2.456
53394643434   2.036
53394643443   1.427
53394643444   0.977
53394644333   0.927
53394644334   0.716
53394642341   0.192
53394642342   2.193
53394642431   2.294
53394642432   2.325
53394642441   2.444
53394642442   2.434
53394643331   2.685
53394643332   3.025
53394643341   2.824
53394643342   2.795
53394643431   2.525
53394643432   1.816
53394643441   0.626
53394643442   0.358
53394644331   1.445
53394644332   1.326
53394642314   0.471
53394642323   2.212
53394642324   2.363
53394642413   2.324
53394642414   2.344
53394642423   2.683
53394642424   3.034
53394643313   3.034
53394643314   2.825
53394643323   3.024
53394643324   3.015
53394643413   2.664
53394643414   1.724
53394643423   0.516
53394643424   0.656
53394644313   2.405
53394642311   0.341
53394642312   1.132
53394642321   2.502
53394642322   2.403
53394642411   2.313
53394642412   2.633
53394642421   2.663
53394642422   2.763
53394643311   3.133
53394643312   2.934
53394643321   3.093
53394643322   3.294
53394643411   2.814
53394643412   1.583
53394643421   0.513
53394643422   2.084
53394644311   3.335
53394641244   0.501
53394642133   1.021
53394642134   1.662
53394642143   2.282
53394642144   2.262
53394642233   2.652
53394642234   2.833
53394642243   2.913
53394642244   3.113
53394643133   3.303
53394643134   3.353
53394643143   3.163
53394643144   3.314
53394643233   2.713
53394643234   1.563
53394643243   1.393
53394643244   2.874
53394641242   0.701
53394642131   1.351
53394642132   1.702
53394642141   2.202
53394642142   2.382
53394642231   2.752
53394642232   2.822
53394642241   2.972
53394642242   3.042
53394643131   3.263
53394643132   3.243
53394643141   3.113
53394643142   3.303
53394643231   2.733
53394643232   1.363
53394643241   2.153
53394643242   3.374
53394641224   0.921
53394642113   1.301
53394642114   1.801
53394642123   2.351
53394642124   2.431
53394642213   2.432
53394642214   2.472
53394642223   2.672
53394642224   2.832
53394643113   3.293
53394643114   3.192
53394643123   2.992
53394643124   3.023
53394643213   2.592
53394643214   1.712
53394643223   1.492
53394643224   2.263
53394641222   0.711
53394642111   1.061
53394642112   1.631
53394642121   2.231
53394642122   2.251
53394642211   2.441
53394642212   2.532
53394642221   2.361
53394642222   2.462
53394643111   2.862
53394643112   2.672
53394643121   2.852
53394643122   2.712
53394643211   1.962
53394643212   1.921
53394643221   1.951
53394631444   0.910
53394632333   1.260
53394632334   1.721
53394632343   2.241
53394632344   2.201
53394632433   2.311
53394632434   2.701
53394632443   2.271
53394632444   2.291
53394633333   2.381
53394633334   2.021
53394633343   2.521
53394633344   2.131
53394633433   1.521
53394633434   1.791
53394633443   2.281
53394631442   0.870
53394632331   1.280
53394632332   1.621
53394632341   2.111
53394632342   2.050
53394632431   1.650
53394632432   2.060
53394632441   2.120
53394632442   2.390
53394633331   2.350
53394633332   1.749
53394633341   2.069
53394633342   2.030
53394633431   1.500
53394633432   1.970
53394633441   2.371
53394631424   0.589
53394632313   1.150
53394632314   1.440
53394632323   2.010
53394632324   2.110
53394632413   1.920
53394632414   1.909
53394632423   2.029
53394632424   2.209
53394633313   2.079
53394633314   2.138
53394633323   2.198
53394633324   1.648
53394633413   1.648
53394633414   2.629
53394631421   0.229
53394631422   1.009
53394632311   0.999
53394632312   1.399
53394632321   1.989
53394632322   1.459
53394632411   1.269
53394632412   1.938
53394632421   1.848
53394632422   1.957
53394633311   1.887
53394633312   1.746
53394633321   1.885
53394633322   1.694
53394633411   1.826
53394633412   2.618
53394631243   0.328
53394631244   0.918
53394632133   0.818
53394632134   1.128
53394632143   1.578
53394632144   1.529
53394632233   1.107
53394632234   1.777
53394632243   1.626
53394632244   1.935
53394633133   1.724
53394633134   1.373
53394633143   2.002
53394633144   2.181
53394633233   1.902
53394631242   0.428
53394632131   1.246
53394632132   1.418
53394632141   1.017
53394632142   1.538
53394632231   1.686
53394632232   1.155
53394632241   1.104
53394632242   1.504
53394633131   1.489
53394633132   1.107
53394633141   1.506
53394633142   2.387
53394633231   2.481
53394631224   0.035
53394632113   0.653
53394632114   0.389
53394632123   0.404
53394632124   0.282
53394632213   0.921
53394632214   0.760
53394632223   0.467
53394632224   1.387
53394633113   1.554
53394633114   1.230
53394633123   2.111
53394633124   2.921
53394631222   0.087
53394632111   0.629
53394632112   0.946
53394632121   0.926
53394632122   0.565
53394632211   0.590
53394632212   1.072
53394632221   0.770
53394632222   0.925
53394633111   1.547
53394633112   1.915
53394633121   2.507
53394633122   3.099
53394621444   0.281
53394622333   0.524
53394622334   0.813
53394622343   1.022
53394622344   0.892
53394622433   0.843
53394622434   0.837
53394622443   0.276
53394622444   0.551
53394623333   1.105
53394623334   1.610
53394623343   2.825
53394623344   2.185
53394621432   0.011
53394621441   0.161
53394621442   0.254
53394622331   0.278
53394622332   0.508
53394622341   0.897
53394622342   0.797
53394622431   0.857
53394622432   0.379
53394622441   0.070
53394622442   0.586
53394623331   1.416
53394623332   1.995
53394623341   3.194
53394623342   2.913
53394621414   0.010
53394621423   0.531
53394621424   0.743
53394622313   0.554
53394622314   0.864
53394622323   1.053
53394622324   0.982
53394622413   0.831
53394622414   0.361
53394622423   0.486
53394622424   0.943
53394623313   1.722
53394623314   2.502
53394623323   3.142
53394623324   3.652
53394620422   0.089
53394621311   0.069
53394621412   0.203
53394621421   0.539
53394621422   0.462
53394622311   0.423
53394622312   0.702
53394622321   1.261
53394622322   1.289
53394622411   0.674
53394622412   0.823
53394622421   1.623
53394622422   1.531
53394623311   2.121
53394623312   2.781
53394623321   3.701
53394623322   3.932
53394621133   0.119
53394621234   0.119
53394621243   0.117
53394622134   0.371
53394622143   0.799
53394622144   0.744
53394622233   0.635
53394622234   1.081
53394622243   1.621
53394622244   2.021
53394623133   2.491
53394623134   3.110
53394623143   3.891
53394623144   3.671
53394621131   0.039
53394621132   0.085
53394621232   0.252
53394621241   0.253
53394621242   0.033
53394622141   0.281
53394622142   0.713
53394622231   0.750
53394622232   0.940
53394622241   1.350
53394622242   2.090
53394623131   2.550
53394623132   3.210
53394623141   3.610
53394623142   3.439
53394623231   3.599
53394621114   0.167
53394621123   0.089
53394621214   0.140
53394621223   0.013
53394622114   0.015
53394622123   0.308
53394622124   0.786
53394622213   1.117
53394622214   1.028
53394622223   1.099
53394622224   1.669
53394623113   2.279
53394623114   3.209
53394623123   3.359
53394623124   3.349
53394623213   3.539
53394621112   0.457
53394621121   0.380
53394621122   0.108
53394621211   0.513
53394621212   1.028
53394622112   0.122
53394622121   0.273
53394622122   0.952
53394622211   1.173
53394622212   0.805
53394622221   0.797
53394622222   1.337
53394623111   2.368
53394623112   2.948
53394623121   3.128
53394623122   3.368
53394623211   3.228
53394623212   2.018
53394611333   0.485
53394611334   0.646
53394611343   0.539
53394611344   0.328
53394611433   0.296
53394611434   0.799
53394611443   0.604
53394612334   0.120
53394612343   0.299
53394612344   1.149
53394612433   1.240
53394612434   0.822
53394612443   0.884
53394612444   2.046
53394613333   2.537
53394613334   2.877
53394613343   2.998
53394613344   3.328
53394613433   3.488
53394613434   2.198
53394611331   0.373
53394611332   0.704
53394611341   0.769
53394611342   0.745
53394611431   0.259
53394611432   0.750
53394611441   1.348
53394611442   0.081
53394612341   0.251
53394612342   1.114
53394612431   1.237
53394612432   1.000
53394612441   1.433
53394612442   2.265
53394613331   2.686
53394613332   2.686
53394613341   2.917
53394613342   3.378
53394613431   3.268
53394613432   1.588
53394611313   0.353
53394611314   0.598
53394611323   0.605
53394611324   0.496
53394611413   0.438
53394611414   0.909
53394611423   0.871
53394611424   0.371
53394612313   0.297
53394612314   0.204
53394612323   0.368
53394612324   0.943
53394612413   0.625
53394612414   0.948
53394612423   1.992
53394612424   2.314
53394613313   2.845
53394613314   2.776
53394613323   2.566
53394613324   2.477
53394613413   2.977
53394613414   2.678
53394610422   0.212
53394611311   0.352
53394611312   0.592
53394611321   0.466
53394611322   0.149
53394611411   0.350
53394611412   0.669
53394611421   0.795
53394611422   0.367
53394612311   0.197
53394612312   0.331
53394612321   0.650
53394612322   1.232
53394612411   0.889
53394612412   1.112
53394612421   1.910
53394612422   2.413
53394613311   2.764
53394613312   2.875
53394613321   2.446
53394613322   2.517
53394613411   2.687
53394613412   3.067
53394611133   0.742
53394611134   0.635
53394611143   0.120
53394611144   0.101
53394611233   0.387
53394611234   0.378
53394611243   0.676
53394611244   0.454
53394612133   0.447
53394612134   0.538
53394612143   0.893
53394612144   1.214
53394612233   1.499
53394612234   1.317
53394612243   1.428
53394612244   2.392
53394613133   2.543
53394613134   2.955
53394613143   3.175
53394613144   2.556
53394613233   2.277
53394611131   0.806
53394611132   0.768
53394611141   0.623
53394611142   0.570
53394611231   0.482
53394611232   0.291
53394611241   0.293
53394611242   0.428
53394612131   0.547
53394612132   1.003
53394612141   1.249
53394612142   1.376
53394612231   1.945
53394612232   1.121
53394612241   1.344
53394612242   2.170
53394613131   2.523
53394613132   2.964
53394613141   3.244
53394613142   1.374
53394610224   0.069
53394611113   0.920
53394611114   0.850
53394611123   0.787
53394611124   0.629
53394611213   0.820
53394611214   0.718
53394611223   0.131
53394611224   0.383
53394612113   0.899
53394612114   1.455
53394612123   2.018
53394612124   2.152
53394612213   1.828
53394612214   0.073
53394612223   1.026
53394612224   1.497
53394613113   1.981
53394613114   2.504
53394613123   2.934
53394613124   2.554
53394610222   0.051
53394611111   0.699
53394611112   1.069
53394611121   0.663
53394611211   0.523
53394611212   0.705
53394611222   0.094
53394612111   1.424
53394612112   3.146
53394612121   2.427
53394612122   1.659
53394612211   1.513
53394612212   1.255
53394612221   1.157
53394612222   0.936
53394613111   1.819
53394613112   0.943
53394613121   1.724
53394613122   2.884
53394601333   0.622
53394601334   1.077
53394601343   0.290
53394602333   0.455
53394602334   3.716
53394602343   2.446
53394602344   1.085
53394602433   0.847
53394602434   0.976
53394602443   1.214
53394602444   0.916
53394603333   0.943
53394603334   0.148
53394603343   1.166
53394600442   0.195
53394601331   1.031
53394601332   1.067
53394601341   0.509
53394602331   0.217
53394602341   1.422
53394602342   0.936
53394602431   0.604
53394602432   1.166
53394602441   1.051
53394602442   0.941
53394603332   0.141
53394603341   2.343
53394600424   0.692
53394601313   1.225
53394601314   0.868
53394601323   0.100
53394602313   2.582
53394602314   1.539
53394602323   0.630
53394602324   0.970
53394602413   1.423
53394602414   1.321
53394602423   1.343
53394602424   0.627
53394603323   2.421
53394600422   1.039
53394601311   1.471
53394601312   0.903
53394601321   0.394
53394602311   0.939
53394602312   0.223
53394602321   0.364
53394602322   0.482
53394602411   0.874
53394602412   1.240
53394602421   1.189
53394602422   0.047
53394603321   1.521
53394600243   0.319
53394600244   1.427
53394601133   1.748
53394601134   0.780
53394602133   0.208
53394602134   0.070
53394602143   0.068
53394602144   0.486
53394602233   0.532
53394602234   0.849
53394602243   0.518
53394602244   0.022
53394603133   0.121
53394603134   0.358
53394603143   1.101
53394600241   0.359
53394600242   1.344
53394601131   1.315
53394601132   0.327
53394601241   0.159
53394601242   0.310
53394602131   0.831
53394602132   0.286
53394602141   0.469
53394602142   0.533
53394602231   0.550
53394602232   0.483
53394602241   1.418
53394602242   1.437
53394603131   1.472
53394600214   0.170
53394600223   0.471
53394600224   1.118
53394601113   1.080
53394601114   0.051
53394601223   0.259
53394601224   1.442
53394602114   0.517
53394602123   0.937
53394602124   0.566
53394602213   0.895
53394602214   1.090
53394602223   1.587
53394602224   0.568
53394600212   0.526
53394600221   1.313
53394600222   1.143
53394601111   1.287
53394601112   0.050
53394601212   1.902
53394601221   0.635
53394601222   1.701
53394602121   0.865
53394602122   0.743
53394602211   0.841
53394602212   0.790
53394602221   1.790
53393690434   0.499
53393690443   0.943
53393691333   0.296
53393691433   0.905
53393691434   1.380
53393691443   1.104
53393691444   1.201
53393692333   0.468
53393692334   0.630
53393692343   1.126
53393692344   0.785
53393692433   0.531
53393692434   0.929
53393690432   0.266
53393690441   0.391
53393691331   0.114
53393691431   1.092
53393691432   1.205
53393691441   1.063
53393691442   0.531
53393692331   0.827
53393692332   0.764
53393692341   1.168
53393692342   0.735
53393692431   0.532
53393692432   0.898
53393690414   0.339
53393690423   0.154
53393690424   0.139
53393691313   0.226
53393691323   0.018
53393691324   0.318
53393691413   1.769
53393691414   1.067
53393691423   0.022
53393692313   0.827
53393692314   0.219
53393692323   0.589
53393692324   0.771
53393692413   0.806
53393692414   1.820
53393690412   0.745
53393690421   0.611
53393690422   0.123
53393691311   0.110
53393691312   0.062
53393691321   0.060
53393691322   0.198
53393691411   0.847
53393691412   0.764
53393691422   0.396
53393692312   0.445
53393692321   0.672
53393692322   0.881
53393692411   1.169
53393690233   0.151
53393690234   0.874
53393690243   0.714
53393691133   0.050
53393691134   0.029
53393691234   0.456
53393691243   0.591
53393691244   1.245
53393692133   1.054
53393692134   1.086
53393692143   0.994
53393692144   1.751
53393692233   1.693
53393690231   0.038
53393690232   0.668
53393690241   0.595
53393691131   0.025
53393691231   0.469
53393691232   0.840
53393691241   0.884
53393691242   0.684
53393692131   0.841
53393692132   1.206
53393692141   1.381
53393692142   1.994
53393690214   0.663
53393690223   0.534
53393691213   0.275
53393691214   0.760
53393691223   0.811
53393691224   0.531
53393692113   0.386
53393692114   1.874
53393690211   0.106
53393690212   0.424
53393690221   0.589
53393691212   0.242
53393691221   0.587
53393691222   0.416
53393692111   0.721
53393680433   0.090
53393680434   0.363
53393680443   0.426
53393681443   0.124
53393681444   0.300
53393680432   0.158
53393680441   0.380
53393681442   0.207
53393680423   0.066
