53395552241   1.801
53395552242   1.751
53395553131   1.351
53395553132   1.881
53395553141   2.541
53395553142   2.791
53395553231   2.181
53395553232   1.991
53395553241   1.941
53395553242   2.041
53395552224   0.401
53395553113   2.221
53395553114   2.711
53395553123   3.251
53395553124   3.301
53395553213   2.701
53395553214   2.351
53395553223   2.401
53395553224   2.601
53395554113   2.241
53395554114   1.981
53395554123   2.051
53395555113   1.631
53395555114   0.161
53395555123   2.711
53395555124   2.971
53395555213   3.421
53395555214   3.711
53395555223   3.331
53395553111   2.251
53395553112   2.861
53395553121   3.371
53395553122   3.371
53395553211   3.301
53395553212   3.111
53395553221   2.531
53395553222   2.941
53395554111   3.541
53395554112   3.301
53395554121   2.421
53395554122   2.571
53395554211   2.491
53395554212   2.061
53395554221   2.361
53395554222   2.971
53395555111   2.561
53395555112   1.611
53395555121   3.221
53395555122   3.481
53395555211   3.831
53395555212   4.241
53395555221   4.221
53395555222   3.761
53395556111   4.051
53395542343   0.147
53395543333   2.191
53395543334   2.891
53395543343   3.081
53395543344   3.071
53395543433   3.041
53395543434   2.971
53395543443   2.591
53395543444   2.911
53395544333   3.581
53395544334   3.841
53395544343   3.311
53395544344   3.221
53395544433   3.161
53395544434   2.931
53395544443   3.501
53395544444   3.841
53395545333   3.131
53395545334   3.141
53395545343   3.631
53395545344   4.071
53395545433   4.411
53395545434   4.661
53395545443   4.311
53395545444   2.811
53395546333   3.551
53395546334   3.751
53395542341   0.297
53395542342   0.497
53395542431   0.607
53395542432   0.547
53395542442   1.281
53395543331   1.951
53395543332   2.191
53395543341   2.171
53395543342   2.601
53395543431   2.181
53395543432   2.301
53395543441   2.401
53395543442   2.811
53395544331   3.501
53395544332   4.201
53395544341   4.091
53395544342   3.721
53395544431   3.311
53395544432   3.381
53395544441   3.801
53395544442   3.951
53395545331   3.201
53395545332   3.181
53395545341   3.881
53395545342   4.561
53395545431   4.821
53395545432   4.801
53395545441   4.581
53395545442   3.851
53395546331   3.671
53395546332   3.491
53395546341   3.571
53395542323   0.417
53395542324   0.677
53395542413   0.967
53395542414   1.107
53395542423   1.147
53395542424   0.817
53395543313   0.627
53395543314   0.747
53395543323   0.757
53395543324   0.737
53395543413   0.367
53395543414   0.157
53395543423   0.307
53395543424   2.301
53395544313   2.271
53395544314   2.681
53395544323   4.511
53395544324   3.151
53395544413   2.541
53395544414   3.061
53395544423   2.711
53395544424   3.041
53395545313   2.891
53395545314   3.611
53395545323   4.111
53395545324   4.441
53395545413   5.001
53395545414   4.811
53395545423   4.801
53395545424   4.141
53395546313   3.921
53395546314   3.681
53395546323   3.501
53395546324   3.361
53395542321   0.257
53395542322   0.637
53395542411   1.097
53395542412   1.177
53395542421   1.287
53395542422   1.307
53395543311   1.027
53395543312   0.977
53395543321   0.977
53395543322   0.807
53395543411   0.457
53395543412   0.587
53395543421   0.658
53395543422   0.548
53395544311   0.618
53395544312   1.048
53395544321   1.828
53395544322   1.068
53395544411   0.628
53395544412   1.208
53395544421   1.048
53395544422   1.278
53395545311   0.938
53395545312   3.531
53395545321   4.381
53395545322   4.411
53395545411   4.331
53395545412   4.361
53395545421   4.541
53395545422   3.941
53395546311   3.751
53395546312   3.521
53395546321   3.421
53395546322   3.621
53395546411   2.781
53395542134   0.067
53395542143   0.237
53395542144   0.617
53395542233   0.847
53395542234   1.147
53395542243   1.307
53395542244   1.387
53395543133   1.227
53395543134   1.107
53395543143   1.057
53395543144   0.487
53395543233   0.847
53395543234   0.907
53395543243   0.957
53395543244   1.078
53395544133   1.148
53395544134   1.028
53395544143   1.298
53395544144   1.498
53395544233   1.218
53395544234   1.638
53395544243   1.618
53395544244   1.478
53395545133   1.188
53395545134   1.558
53395545143   3.911
53395545144   3.981
53395545233   3.671
53395545234   3.921
53395545243   4.171
53395545244   3.771
53395546133   3.491
53395546134   3.391
53395546143   3.471
53395546144   3.551
53395546233   3.441
53395546234   3.201
53395546243   2.421
53395542141   0.187
53395542142   0.557
53395542231   0.477
53395542232   0.837
53395542241   0.917
53395542242   1.267
53395543131   1.267
53395543132   1.127
53395543141   1.007
53395543142   0.147
53395543231   0.737
53395543232   0.697
53395543241   0.667
53395543242   0.578
53395544131   1.198
53395544132   1.368
53395544141   1.638
53395544142   1.278
53395544231   1.458
53395544232   1.778
53395544241   2.078
53395544242   2.028
53395545131   1.828
53395545132   1.928
53395545141   3.271
53395545142   4.471
53395545231   7.071
53395545232   7.411
53395545241   4.081
53395545242   3.811
53395546131   3.041
53395546132   2.801
53395546141   3.201
53395546142   3.511
53395546231   3.571
53395546232   3.841
53395546241   3.121
53395546242   2.131
53395547131   1.851
53395547132   1.861
53395547242   0.000
53395542124   0.097
53395542214   0.587
53395542223   0.437
53395542224   0.947
53395543113   1.137
53395543114   0.847
53395543123   0.447
53395543124   0.057
53395543213   0.767
53395543214   0.547
53395543223   0.168
53395543224   0.568
53395544113   1.238
53395544114   1.368
53395544123   1.508
53395544124   1.588
53395544213   1.958
53395544214   1.858
53395544223   1.968
53395544224   2.428
53395545113   2.268
53395545114   2.508
53395545123   1.798
53395545124   3.831
53395545213   5.741
53395545214   5.271
53395545223   4.181
53395545224   3.301
53395546113   3.021
53395546114   2.601
53395546123   3.321
53395546124   3.831
53395546213   3.751
53395546214   4.031
53395546223   2.051
53395547113   0.532
53395547114   0.692
53395547123   0.601
53395547124   0.507
53395547213   0.492
53395547214   1.208
53395547223   1.733
53395547224   1.748
53395548113   1.752
53395548114   1.490
53395542122   0.017
53395542212   0.487
53395542221   0.347
53395542222   0.917
53395543111   0.847
53395543112   0.777
53395543121   0.157
53395543122   0.197
53395543211   0.558
53395543212   0.987
53395543221   1.018
53395543222   1.208
53395544111   1.368
53395544112   1.368
53395544121   1.448
53395544122   1.938
53395544211   2.458
53395544212   2.318
53395544221   2.378
53395544222   2.448
53395545111   2.088
53395545112   1.918
53395545121   1.798
53395545122   3.801
53395545211   3.871
53395545212   4.031
53395545221   4.281
53395545222   3.151
53395546111   3.241
53395546112   3.271
53395546121   3.751
53395546122   3.921
53395546211   3.841
53395546212   3.731
53395546221   1.083
53395546222   0.963
53395547111   0.992
53395547112   1.032
53395547121   1.121
53395547122   0.529
53395547211   0.295
53395547212   0.951
53395547221   1.441
53395547222   1.581
53395548111   1.580
53395548112   1.415
53395548121   1.316
53395548122   1.371
53395532434   0.607
53395532443   0.627
53395532444   1.107
53395533333   0.947
53395533334   0.987
53395533343   0.177
53395533344   0.077
53395533433   0.597
53395533434   1.288
53395533443   1.408
53395533444   1.468
53395534333   1.418
53395534334   1.388
53395534343   1.898
53395534344   2.028
53395534433   2.368
53395534434   2.258
53395534443   2.278
53395534444   2.288
53395535333   2.208
53395535334   2.138
53395535343   1.898
53395535344   2.038
53395535433   3.941
53395535434   4.271
53395535443   3.981
53395535444   3.191
53395536333   3.421
53395536334   3.981
53395536343   4.221
53395536344   4.071
53395536433   3.791
53395536434   0.963
53395536443   0.483
53395536444   0.533
53395537333   0.363
53395537434   0.181
53395537443   0.921
53395537444   0.715
53395538333   0.774
53395538334   1.005
53395538343   1.178
53395538344   1.351
53395538433   1.592
53395538434   1.714
53395539333   2.574
53395532432   0.057
53395532442   0.687
53395533331   0.227
53395533332   0.237
53395533431   0.447
53395533432   0.898
53395533441   1.078
53395533442   1.058
53395534331   1.278
53395534332   1.438
53395534341   1.828
53395534342   1.858
53395534431   2.028
53395534432   2.278
53395534441   2.338
53395534442   2.518
53395535331   2.488
53395535332   2.218
53395535341   1.978
53395535342   1.688
53395535431   3.281
53395535432   4.101
53395535441   3.951
53395535442   3.701
53395536331   3.191
53395536332   4.241
53395536341   4.301
53395536342   3.861
53395536431   0.882
53395536432   0.012
53395537441   0.175
53395537442   0.357
53395538331   1.178
53395538332   1.363
53395538341   1.176
53395538342   1.249
53395538431   1.386
53395538432   1.540
53395538441   1.978
53395538442   2.414
53395539331   2.194
53395533313   0.237
53395533314   0.107
53395533414   0.238
53395533423   0.388
53395533424   0.428
53395534313   0.988
53395534314   0.938
53395534323   1.308
53395534324   1.548
53395534413   1.598
53395534414   1.918
53395534423   1.738
53395534424   2.058
53395535313   2.138
53395535314   1.558
53395535323   1.478
53395535324   1.348
53395535413   1.348
53395535414   2.791
53395535423   3.521
53395535424   3.931
53395536313   3.931
53395536314   3.701
53395536323   3.281
53395536324   0.872
53395536413   0.022
53395537424   0.569
53395538313   1.357
53395538314   1.780
53395538323   1.018
53395538324   1.122
53395538413   1.115
53395538414   1.343
53395538423   2.090
53395538424   2.444
53395539313   1.675
53395539314   0.557
53395533422   0.258
53395534311   0.718
53395534312   0.738
53395534321   0.978
53395534322   1.158
53395534411   1.248
53395534412   1.428
53395534421   1.228
53395534422   1.608
53395535311   1.828
53395535312   1.408
53395535321   1.368
53395535322   1.468
53395535411   2.038
53395535412   1.928
53395535421   2.068
53395535422   3.571
53395536311   3.481
53395536312   3.081
53395536321   0.180
53395537422   0.313
53395538311   1.118
53395538312   1.412
53395538321   1.075
53395538322   0.894
53395538411   0.928
53395538412   1.213
53395538421   2.273
53395538422   2.845
53395539311   2.597
53395539312   1.498
53395534133   0.198
53395534134   0.388
53395534143   0.688
53395534144   0.708
53395534233   0.878
53395534234   1.158
53395534243   1.298
53395534244   1.378
53395535133   1.328
53395535134   1.098
53395535143   1.298
53395535144   1.258
53395535233   1.878
53395535234   2.228
53395535243   2.418
53395535244   1.228
53395538133   0.326
53395538134   0.921
53395538143   0.935
53395538144   0.802
53395538233   0.742
53395538234   1.080
53395538243   1.855
53395538244   2.817
53395539133   3.248
53395539134   2.690
53395539143   3.020
53395534141   0.258
53395534142   0.298
53395534231   0.468
53395534232   0.968
53395534241   1.078
53395534242   1.018
53395535131   1.038
53395535132   0.928
53395535141   1.098
53395535142   0.918
53395535231   0.718
53395535232   0.788
53395535241   1.208
53395535242   0.398
53395538131   0.081
53395538132   0.661
53395538141   0.791
53395538142   0.804
53395538231   0.776
53395538232   1.065
53395538241   1.738
53395538242   2.219
53395539131   2.909
53395539132   3.380
53395539141   3.091
53395534214   0.378
53395534223   0.508
53395534224   0.868
53395535113   1.138
53395535114   0.948
53395535123   0.868
53395538114   0.666
53395538123   0.805
53395538124   0.824
53395538213   1.085
53395538214   1.519
53395538223   2.120
53395538224   2.560
53395539113   2.470
53395539114   3.381
53395539123   3.311
53395539124   0.980
53395534212   0.038
53395534221   0.208
53395534222   0.398
53395535111   0.588
53395535112   0.728
53395535121   0.408
53395538112   0.229
53395538121   0.756
53395538122   1.104
53395538211   1.349
53395538212   2.070
53395538221   2.251
53395538222   2.711
53395539111   2.731
53395539112   3.151
53395539121   2.351
53395539122   1.350
53395528343   0.926
53395528344   1.219
53395528433   1.421
53395528434   1.802
53395528443   1.992
53395528444   2.312
53395529333   2.522
53395529334   3.052
53395529343   2.481
53395529344   2.020
53395529433   1.460
53395528332   0.020
53395528341   0.809
53395528342   1.132
53395528431   1.115
53395528432   1.175
53395528441   1.525
53395528442   1.995
53395529331   2.004
53395529332   2.953
53395529341   0.980
53395529342   2.000
53395529431   1.160
53395528323   0.270
53395528324   0.667
53395528413   1.153
53395528414   1.234
53395528423   1.443
53395528424   2.041
53395529313   2.098
53395529314   1.633
53395529323   1.150
53395529324   2.020
53395529413   1.310
53395529414   1.530
53395528322   0.375
53395528411   1.115
53395528412   1.334
53395528421   1.692
53395528422   1.918
53395529311   1.605
53395529321   1.120
53395529322   1.920
53395529411   1.960
53395529412   2.320
53395528144   1.013
53395528233   1.772
53395528234   1.920
53395528243   2.139
53395528244   2.176
53395529133   1.393
53395529143   1.500
53395529144   1.490
53395529233   1.670
53395529234   2.320
53395529243   2.430
53395528142   1.415
53395528231   1.885
53395528232   1.734
53395528241   2.163
53395528242   2.132
53395529131   0.860
53395529141   1.470
53395529142   1.210
53395529231   1.060
53395529232   1.690
53395529241   1.730
53395529242   1.820
53395620131   1.590
53395528123   0.107
53395528124   1.277
53395528213   1.987
53395528214   1.858
53395528223   1.878
53395528224   2.169
53395529113   1.351
53395529123   0.990
53395529124   1.090
53395529213   0.870
53395529214   1.570
53395529223   1.530
53395529224   1.650
53395620113   1.310
53395620114   1.310
53395528122   1.059
53395528211   2.030
53395528212   2.231
53395528221   2.093
53395528222   2.344
53395529111   1.742
53395529112   0.676
53395529121   0.470
53395529122   0.430
53395529211   0.460
53395529212   1.340
53395529221   1.260
53395529222   1.620
53395620111   0.760
53395620112   1.120
53395620121   1.320
53395518344   0.440
53395518433   1.291
53395518434   2.063
53395518443   1.776
53395518444   1.059
53395519333   1.886
53395519334   1.668
53395519343   1.777
53395519344   1.119
53395519434   1.010
53395519443   1.280
53395519444   1.440
53395610333   0.560
53395610334   0.480
53395610343   0.870
53395610344   1.069
53395610433   1.419
53395518431   0.513
53395518432   1.297
53395518441   1.592
53395518442   1.104
53395519331   1.905
53395519332   1.673
53395519341   1.539
53395519342   0.862
53395519431   0.047
53395519432   2.176
53395519441   0.710
53395519442   0.960
53395610331   0.620
53395610332   0.190
53395610341   0.710
53395610342   0.619
53395610431   0.679
53395610432   1.568
53395518413   0.040
53395518414   0.763
53395518423   1.359
53395518424   1.701
53395519313   1.921
53395519314   1.650
53395519323   1.376
53395519324   0.838
53395519413   0.599
53395519414   1.036
53395519423   1.910
53395519424   2.561
53395610313   1.662
53395610314   1.402
53395610323   1.062
53395610324   1.833
53395610413   0.313
53395610414   0.143
53395610423   1.521
53395518412   0.357
53395518421   0.483
53395518422   1.195
53395519311   1.650
53395519312   1.789
53395519321   1.294
53395519322   0.805
53395519411   1.450
53395519412   2.106
53395519421   2.270
53395519422   2.121
53395610311   1.252
53395610312   1.252
53395610321   0.512
53395610322   0.832
53395610412   0.554
53395610421   1.374
53395518234   0.267
53395518244   0.456
53395519133   1.604
53395519134   1.707
53395519143   0.973
53395519144   0.760
53395519233   1.353
53395519234   1.907
53395519243   2.600
53395519244   2.402
53395610133   2.172
53395610134   1.103
53395610143   0.382
53395610144   0.222
53395610233   0.234
53395610234   0.614
53395610243   0.881
53395518242   0.211
53395519131   1.712
53395519132   1.734
53395519141   0.958
53395519142   0.649
53395519231   0.734
53395519232   1.749
53395519241   2.341
53395519242   2.382
53395610131   2.133
53395610132   2.084
53395610141   1.534
53395610142   1.434
53395610231   0.734
53395610232   1.544
53395610241   0.740
53395518223   0.071
53395518224   0.296
53395519113   1.556
53395519114   1.578
53395519123   0.639
53395519214   1.412
53395519223   1.953
53395519224   2.173
53395610113   2.034
53395610114   2.314
53395610123   2.394
53395610124   1.994
53395610213   1.904
53395610214   1.131
53395610223   0.794
53395518222   0.411
53395519111   1.381
53395519112   1.402
53395519121   0.564
53395519211   0.074
53395519212   1.404
53395519221   1.894
53395519222   2.094
53395610111   2.064
53395610112   2.344
53395610121   2.624
53395610122   2.364
53395610211   1.081
53395610212   0.759
53395610221   0.410
53395508444   0.118
53395509333   0.890
53395509334   0.941
53395509343   0.596
53395509434   1.366
53395509443   1.706
53395509444   1.906
53395600333   2.145
53395600334   2.095
53395600343   1.714
53395600344   1.130
53395600433   1.221
53395600434   1.110
53395600443   0.882
53395600444   0.900
53395601333   0.810
53395508442   0.184
53395509331   1.006
53395509332   0.920
53395509341   0.512
53395509342   0.048
53395509431   0.336
53395509432   1.508
53395509441   2.008
53395509442   2.188
53395600331   1.857
53395600332   1.555
53395600341   0.761
53395600342   0.420
53395600431   1.221
53395600432   1.240
53395600441   1.091
53395600442   1.210
53395601331   0.601
53395601332   0.060
53395509313   0.759
53395509314   0.979
53395509323   1.057
53395509324   1.257
53395509413   1.286
53395509414   1.728
53395509423   2.099
53395509424   2.320
53395600313   1.980
53395600314   0.460
53395600324   0.421
53395600413   1.380
53395600414   1.280
53395600423   1.270
53395600424   1.040
53395601313   0.800
53395601314   0.510
53395601323   0.889
53395509311   0.427
53395509312   0.790
53395509321   0.995
53395509322   1.199
53395509411   1.566
53395509412   1.649
53395509421   2.030
53395509422   2.372
53395600311   1.523
53395600312   0.560
53395600322   0.840
53395600411   1.240
53395600412   1.291
53395600421   1.221
53395600422   1.151
53395601311   1.210
53395601312   1.049
53395601321   1.369
53395601322   1.459
53395603422   1.176
53395604311   1.286
53395604312   1.037
53395604321   0.797
53395509134   0.457
53395509143   0.609
53395509144   0.672
53395509233   1.378
53395509234   1.390
53395509243   1.032
53395509244   1.468
53395600133   1.706
53395600134   1.057
53395600144   0.641
53395600233   1.100
53395600234   1.271
53395600243   1.360
53395600244   1.381
53395601133   1.270
53395601134   1.269
53395601143   1.529
53395601144   1.779
53395601233   1.658
53395601234   1.458
53395603233   1.306
53395603234   2.126
53395603243   2.706
53395603244   2.896
53395604133   2.866
53395604134   2.547
53395604143   2.617
53395604144   1.756
53395604233   1.207
53395509141   0.137
53395509142   0.565
53395509231   0.959
53395509232   0.975
53395509241   0.733
53395509242   1.162
53395600131   1.768
53395600132   1.423
53395600141   0.988
53395600142   1.380
53395600231   1.911
53395600232   0.911
53395600241   1.199
53395600242   1.020
53395601131   0.919
53395601132   0.750
53395601141   1.059
53395601142   1.199
53395601231   1.288
53395601232   1.928
53395601241   1.897
53395601242   1.867
53395602241   0.108
53395603131   0.435
53395603132   1.514
53395603141   1.114
53395603142   0.359
53395603231   1.836
53395603232   2.646
53395603241   2.786
53395603242   2.767
53395604131   2.647
53395604132   2.387
53395604141   2.586
53395604142   2.406
53395604231   1.927
53395604232   1.806
53395604241   0.876
53395509213   0.207
53395509214   0.761
53395509223   0.780
53395509224   1.563
53395600113   2.144
53395600114   2.257
53395600123   1.709
53395600124   0.600
53395600213   0.601
53395600214   0.868
53395600223   1.089
53395600224   0.589
53395601123   0.439
53395601124   0.608
53395601213   0.868
53395601214   1.418
53395601223   1.577
53395601224   1.676
53395602113   1.544
53395602114   1.663
53395602123   1.451
53395602124   1.669
53395602213   1.617
53395602214   0.634
53395602223   0.314
53395602224   0.570
53395603113   0.987
53395603114   1.934
53395603123   1.022
53395603124   1.288
53395603213   1.176
53395603214   2.447
53395603223   3.016
53395603224   2.836
53395604113   2.336
53395604114   2.376
53395604123   2.517
53395604124   2.536
53395604213   2.076
53395604214   2.596
53395604223   2.276
53395604224   1.346
53395509211   0.403
53395509212   1.043
53395509221   1.335
53395509222   2.246
53395600111   2.637
53395600112   2.758
53395600121   2.390
53395600122   1.662
53395600211   1.947
53395600212   2.138
53395600221   1.969
53395601111   0.295
53395601112   0.545
53395601121   1.595
53395601122   1.986
53395601211   2.126
53395601212   2.526
53395601221   2.566
53395601222   0.746
53395602111   0.664
53395602112   1.163
53395602121   0.631
53395602122   0.739
53395602211   0.678
53395603111   0.124
53395603112   1.094
53395603121   0.060
53395603122   1.898
53395603211   1.077
53395603212   2.226
53395603221   2.806
53395603222   2.656
53395604111   2.377
53395604112   2.376
53395604121   2.436
53395604122   2.546
53395604211   1.666
53395604212   2.526
53395604221   2.956
53395604222   2.736
53395605111   1.627
53394599433   0.985
53394599434   0.985
53394599443   1.737
53394599444   2.378
53394690333   2.408
53394690334   2.469
53394690343   2.241
53394690344   1.803
53394690433   1.987
53394690434   2.449
53394690443   2.640
53394690444   2.472
53394691333   2.502
53394691334   1.954
53394691343   2.045
53394691344   2.405
53394691433   2.266
53394691434   2.076
53394691443   2.166
53394691444   2.026
53394692333   2.357
53394692334   2.767
53394692343   2.367
53394692344   1.847
53394692433   3.227
53394692434   2.837
53394692443   2.657
53394692444   2.547
53394693333   2.897
53394693334   2.187
53394693343   2.007
53394693344   3.847
53394693433   1.277
53394693434   1.156
53394693443   2.507
53394693444   2.846
53394694333   2.296
53394694334   2.356
53394694343   2.427
53394694344   2.317
53394694433   1.416
53394694434   2.196
53394694443   2.867
53394694444   3.096
53394695333   2.806
53394695334   1.166
53394599431   0.246
53394599432   0.787
53394599441   1.948
53394599442   2.288
53394690331   2.169
53394690332   2.270
53394690341   2.141
53394690342   1.824
53394690431   1.927
53394690432   2.469
53394690441   2.660
53394690442   2.901
53394691331   2.653
53394691332   2.234
53394691341   2.565
53394691342   3.355
53394691431   3.426
53394691432   3.216
53394691441   3.466
53394691442   2.836
53394692331   1.456
53394692332   2.507
53394692341   2.307
53394692342   2.077
53394692431   3.837
53394692432   3.967
53394692441   3.897
53394692442   3.827
53394693331   3.757
53394693332   3.267
53394693341   3.188
53394693342   3.017
53394693431   0.826
53394693432   1.126
53394693441   2.256
53394693442   2.626
53394694331   2.496
53394694332   2.507
53394694341   2.097
53394694342   1.627
53394694431   1.226
53394694432   0.916
53394694441   2.416
53394694442   2.736
53394695331   3.066
53394695332   2.027
53394599414   0.527
53394599423   2.018
53394599424   2.079
53394690313   1.879
53394690314   1.880
53394690323   1.972
53394690324   1.835
53394690413   2.048
53394690414   2.389
53394690423   2.321
53394690424   2.322
53394691313   2.303
53394691314   2.574
53394691323   3.335
53394691324   3.565
53394691413   3.616
53394691414   3.696
53394691423   3.326
53394691424   3.196
53394692313   1.407
53394692314   1.917
53394692323   2.467
53394692324   3.048
53394692413   3.967
53394692414   3.957
53394692423   3.718
53394692424   3.727
53394693313   4.238
53394693314   4.637
53394693323   4.228
53394693324   3.227
53394693413   3.488
53394693414   1.436
53394693423   1.756
53394693424   2.746
53394694313   2.887
53394694314   2.846
53394694323   2.147
53394694324   1.236
53394694413   1.097
53394694414   1.066
53394694423   3.086
53394694424   2.916
53394695313   2.946
53394695314   2.746
53394695323   1.346
53394599421   1.339
53394599422   1.739
53394690311   1.480
53394690312   1.481
53394690321   1.593
53394690322   1.636
53394690411   2.249
53394690412   2.400
53394690421   2.240
53394690422   1.992
53394691311   1.993
53394691312   2.434
53394691321   3.255
53394691322   3.385
53394691411   3.726
53394691412   3.626
53394691421   3.256
53394691422   3.126
53394692311   2.847
53394692312   2.727
53394692321   3.397
53394692322   3.767
53394692411   3.997
53394692412   3.877
53394692421   3.478
53394692422   3.577
53394693311   4.248
53394693312   4.777
53394693321   4.678
53394693322   3.987
53394693411   3.987
53394693412   1.627
53394693421   1.296
53394693422   2.557
53394694311   2.767
53394694312   2.896
53394694321   2.447
53394694322   1.467
53394694411   1.916
53394694412   1.906
53394694421   3.586
53394694422   3.386
53394695311   2.876
53394695312   2.986
53394695321   2.106
53394695322   1.066
53394599244   0.769
53394690133   1.040
53394690134   1.012
53394690143   1.244
53394690144   1.227
53394690233   2.149
53394690234   2.360
53394690243   2.301
53394690244   2.282
53394691133   2.224
53394691134   2.555
53394691143   3.065
53394691144   3.025
53394691233   3.616
53394691234   3.436
53394691243   3.196
53394691244   3.237
53394692133   3.297
53394692134   3.317
53394692143   3.567
53394692144   3.727
53394692233   3.967
53394692234   3.837
53394692243   3.717
53394692244   3.817
53394693133   4.127
53394693134   4.557
53394693143   4.697
53394693144   4.317
53394693233   4.307
53394693234   1.727
53394693243   1.087
53394693244   1.966
53394694133   2.547
53394694134   2.547
53394694143   2.337
53394694144   1.677
53394694233   2.526
53394694234   2.726
53394694243   3.716
53394694244   3.446
53394695133   3.196
53394695134   3.236
53394695143   2.936
53394695144   1.816
53394690131   0.191
53394690132   0.582
53394690141   0.574
53394690142   0.588
53394690231   1.260
53394690232   1.980
53394690241   2.062
53394690242   2.082
53394691131   2.294
53394691132   2.624
53394691141   2.855
53394691142   2.825
53394691231   3.506
53394691232   3.316
53394691241   3.026
53394691242   3.227
53394692131   3.427
53394692132   3.317
53394692141   3.377
53394692142   3.587
53394692231   3.667
53394692232   3.697
53394692241   3.747
53394692242   3.867
53394693131   4.198
53394693132   4.587
53394693141   4.147
53394693142   2.047
53394693231   1.986
53394693232   1.596
53394693241   1.186
53394693242   1.807
53394694131   1.866
53394694132   2.067
53394694141   2.216
53394694142   1.886
53394694231   2.137
53394694232   2.726
53394694241   3.546
53394694242   3.296
53394695131   3.256
53394695132   3.336
53394695141   3.177
53394695142   2.727
53394690123   0.185
53394690124   0.179
53394690213   0.380
53394690214   1.021
53394690223   1.471
53394690224   1.423
53394691113   1.684
53394691114   2.184
53394691123   2.385
53394691124   2.155
53394691213   2.436
53394691214   2.676
53394691223   2.757
53394691224   3.156
53394692113   3.287
53394692114   3.047
53394692123   3.097
53394692124   3.047
53394692213   2.947
53394692214   3.137
53394692223   3.567
53394692224   3.687
53394693113   4.037
53394693114   4.107
53394693123   2.937
53394693124   1.996
53394693213   2.056
53394693214   1.716
53394693223   1.247
53394693224   1.976
53394694113   2.027
53394694114   1.836
53394694123   1.436
53394694124   1.806
53394694213   1.976
53394694214   2.597
53394694223   3.476
53394694224   3.356
53394695113   3.156
53394695114   3.406
53394695123   3.597
53394695124   3.226
53394695213   1.696
53394690122   0.110
53394690221   0.424
53394690222   0.773
53394691111   1.144
53394691112   1.585
53394691121   1.655
53394691122   1.126
53394691211   1.376
53394691212   1.666
53394691221   2.136
53394691222   2.706
53394692111   2.807
53394692112   2.717
53394692121   2.717
53394692122   2.587
53394692211   2.437
53394692212   2.498
53394692221   2.887
53394692222   3.077
53394693111   3.527
53394693112   3.618
53394693121   3.117
53394693122   1.836
53394693211   1.806
53394693212   1.440
53394693221   1.247
53394693222   1.216
53394694111   1.966
53394694112   2.067
53394694121   1.587
53394694122   2.466
53394694211   2.827
53394694212   2.946
53394694221   2.896
53394694222   2.906
53394695111   3.036
53394695112   3.646
53394695121   3.826
53394695122   3.296
53394695211   2.206
53394681334   0.455
53394681343   0.886
53394681344   1.166
53394681433   1.286
53394681434   1.416
53394681443   1.757
53394681444   2.387
53394682333   2.707
53394682334   2.887
53394682343   2.667
53394682344   2.367
53394682433   2.287
53394682434   2.247
53394682443   2.538
53394682444   2.707
53394683333   2.608
53394683334   3.727
53394683343   3.537
53394683344   1.707
53394683433   1.927
53394683434   1.772
53394683443   1.837
53394683444   1.616
53394684333   1.667
53394684334   1.616
53394684343   1.947
53394684344   3.306
53394684433   2.886
53394684434   2.796
53394684443   2.737
53394684444   2.346
53394685333   1.866
53394685334   2.426
53394685343   3.196
53394685344   3.196
53394685433   2.526
53394685434   0.215
53394681341   0.115
53394681342   1.167
53394681431   1.266
53394681432   1.047
53394681441   1.327
53394681442   1.857
53394682331   2.297
53394682332   2.897
53394682341   2.517
53394682342   2.297
53394682431   2.128
53394682432   1.938
53394682441   2.258
53394682442   2.537
53394683331   0.968
53394683332   0.898
53394683341   1.628
53394683342   3.008
53394683431   1.657
53394683432   1.847
53394683441   2.007
53394683442   1.916
53394684331   1.856
53394684332   1.316
53394684341   2.206
53394684342   4.046
53394684431   2.666
53394684432   2.156
53394684441   2.256
53394684442   1.846
53394685331   0.966
53394685332   0.996
53394685341   1.876
53394685342   2.996
53394685431   2.656
53394681324   0.807
53394681413   1.136
53394681414   0.987
53394681423   0.837
53394681424   1.367
53394682313   1.937
53394682314   2.708
53394682323   2.588
53394682324   2.348
53394682413   2.008
53394682414   1.778
53394682423   1.998
53394682424   2.478
53394683313   1.528
53394683324   1.639
53394683413   0.397
53394683414   1.377
53394683423   1.827
53394683424   2.017
53394684313   2.027
53394684314   1.426
53394684323   2.056
53394684324   2.686
53394684413   2.536
53394684414   2.046
53394684423   1.956
53394684424   1.456
53394685313   0.616
53394685324   1.906
53394685413   1.876
53394681322   0.607
53394681411   0.967
53394681412   0.627
53394681421   0.687
53394681422   1.077
53394682311   1.487
53394682312   2.138
53394682321   2.747
53394682322   2.418
53394682411   1.948
53394682412   1.878
53394682421   1.908
53394682422   2.298
53394683311   0.598
53394683321   1.169
53394683322   2.528
53394683411   1.759
53394683412   0.537
53394683421   1.357
53394683422   1.456
53394684311   1.306
53394684312   1.086
53394684321   2.026
53394684322   2.396
53394684411   1.976
53394684412   1.736
53394684421   1.376
53394684422   1.046
53394685311   2.620
53394685312   1.160
53394685321   0.890
53394685322   0.966
53394685411   0.916
53394681233   0.807
53394681234   0.557
53394681243   0.667
53394681244   0.837
53394682133   1.327
53394682134   1.748
53394682143   2.338
53394682144   2.398
53394682233   2.078
53394682234   2.078
53394682243   1.948
53394682244   2.468
53394683134   0.939
53394683143   3.289
53394683144   2.970
53394683234   1.359
53394683243   3.219
53394683244   0.487
53394684134   0.796
53394684143   1.827
53394684144   1.636
53394684233   1.346
53394684234   0.996
53394684243   2.931
53394684244   4.160
53394685133   3.991
53394685134   3.540
53394685143   3.350
53394685144   2.761
53394681231   0.867
53394681232   0.687
53394681241   0.478
53394681242   0.288
53394682131   0.798
53394682132   1.428
53394682141   2.058
53394682142   2.378
53394682231   2.178
53394682232   2.178
53394682241   2.129
53394682242   2.419
53394683131   2.039
53394683132   3.868
53394683141   3.500
53394683142   3.349
53394683231   1.459
53394683232   1.739
53394683241   3.139
53394683242   3.669
53394684131   2.579
53394684132   3.510
53394684141   3.728
53394684142   3.511
53394684231   3.250
53394684232   2.890
53394684241   2.870
53394684242   4.611
53394685131   4.670
53394685132   4.661
53394685141   3.991
53394685142   2.811
53394681213   0.537
53394681214   0.738
53394681223   0.598
53394681224   0.328
53394682113   0.778
53394682114   1.488
53394682123   1.958
53394682124   2.458
53394682213   2.358
53394682214   2.329
53394682223   2.319
53394682224   2.599
53394683113   5.089
53394683114   4.459
53394683123   3.778
53394683124   3.749
53394683213   3.389
53394683214   2.689
53394683223   3.289
53394683224   3.249
53394684113   3.269
53394684114   3.538
53394684123   2.870
53394684124   2.680
53394684213   2.901
53394684214   3.041
53394684223   3.970
53394684224   4.520
53394685113   4.100
53394685114   4.430
53394685123   4.161
53394685124   3.300
53394681212   0.498
53394681221   0.678
53394681222   0.808
53394682111   1.188
53394682112   1.678
53394682121   1.708
53394682122   2.088
53394682211   2.378
53394682212   2.559
53394682221   2.408
53394682222   2.519
53394683111   3.329
53394683112   3.719
53394683121   3.810
53394683122   3.739
53394683211   3.399
53394683212   2.979
53394683221   3.729
53394683222   3.369
53394684111   3.589
53394684112   3.739
53394684121   3.149
53394684122   2.701
53394684211   3.030
53394684212   3.831
53394684221   4.260
53394684222   3.791
53394685111   3.561
53394685112   3.441
53394685121   3.930
53394685122   3.481
53394671434   0.609
53394671443   0.778
53394671444   0.998
53394672333   1.168
53394672334   1.658
53394672343   1.828
53394672344   1.808
53394672433   2.239
53394672434   2.508
53394672443   2.499
53394672444   2.459
53394673333   3.059
53394673334   3.439
53394673343   3.499
53394673344   3.510
53394673433   3.099
53394673434   2.919
53394673443   3.368
53394673444   3.389
53394674333   3.729
53394674334   4.190
53394674343   3.560
53394674344   3.271
53394674433   3.301
53394674434   4.051
53394674443   4.471
53394674444   3.811
53394675333   3.720
53394675334   2.970
53394675343   3.421
53394675344   3.511
53394671432   1.369
53394671441   1.069
53394671442   0.918
53394672331   0.968
53394672332   1.429
53394672341   1.818
53394672342   1.889
53394672431   2.369
53394672432   2.728
53394672441   2.849
53394672442   2.828
53394673331   3.059
53394673332   3.229
53394673341   3.119
53394673342   3.249
53394673431   3.379
53394673432   3.159
53394673441   3.439
53394673442   3.769
53394674331   3.849
53394674332   4.190
53394674341   3.600
53394674342   3.571
53394674431   3.730
53394674432   3.940
53394674441   3.900
53394674442   3.271
53394675331   2.901
53394675332   2.710
53394675341   3.000
53394671414   2.168
53394671423   1.099
53394671424   0.688
53394672313   1.068
53394672314   1.138
53394672323   1.518
53394672324   1.889
53394672413   2.271
53394672414   2.999
53394672423   3.009
53394672424   2.969
53394673313   3.099
53394673314   3.078
53394673323   3.169
53394673324   3.349
53394673413   3.459
53394673414   3.169
53394673423   3.589
53394673424   3.749
53394674313   4.110
53394674314   4.078
53394674323   3.600
53394674324   3.751
53394674413   4.041
53394674414   4.110
53394674423   3.951
53394674424   3.071
53394675313   2.140
53394675314   2.701
53394675323   2.891
53394671412   0.099
53394671421   0.799
53394671422   0.910
53394672311   0.910
53394672312   1.120
53394672321   1.290
53394672322   1.550
53394672411   1.877
53394672412   2.841
53394672421   2.731
53394672422   2.959
53394673311   3.079
53394673312   2.989
53394673321   3.030
53394673322   3.179
53394673411   3.439
53394673412   3.009
53394673421   3.869
53394673422   3.899
53394674311   4.050
53394674312   3.830
53394674321   3.730
53394674322   3.951
53394674411   4.041
53394674412   4.011
53394674421   3.991
53394674422   3.270
53394675311   3.170
53394675312   3.331
53394671243   0.469
53394671244   0.630
53394672133   0.691
53394672134   0.990
53394672143   1.220
53394672144   1.551
53394672233   1.541
53394672234   2.430
53394672243   2.840
53394672244   2.860
53394673133   2.910
53394673134   2.930
53394673143   2.900
53394673144   2.859
53394673233   3.180
53394673234   3.000
53394673243   3.850
53394673244   3.951
53394674133   3.839
53394674134   3.841
53394674143   3.951
53394674144   3.941
53394674233   3.710
53394674234   3.661
53394674243   4.271
53394674244   4.040
53394675133   3.610
53394671242   0.631
53394672131   0.680
53394672132   0.840
53394672141   1.171
53394672142   1.590
53394672231   1.410
53394672232   2.030
53394672241   2.630
53394672242   2.691
53394673131   2.601
53394673132   2.751
53394673141   2.771
53394673142   2.650
53394673231   2.420
53394673232   3.269
53394673241   4.541
53394673242   3.869
53394674131   3.871
53394674132   3.890
53394674141   3.840
53394674142   3.941
53394674231   3.840
53394674232   3.690
53394674241   3.961
53394674242   3.761
53394675131   3.291
53394671224   0.490
53394672113   0.540
53394672114   0.701
53394672123   0.980
53394672124   1.381
53394672213   1.260
53394672214   1.900
53394672223   2.471
53394672224   2.500
53394673113   2.300
53394673114   2.561
53394673123   2.601
53394673124   2.521
53394673213   1.620
53394673214   2.961
53394673223   3.721
53394673224   3.900
53394674113   3.941
53394674114   3.890
53394674123   3.892
53394674124   3.871
53394674213   3.001
53394674214   3.391
53394674223   3.161
53394674224   3.370
53394675113   3.141
53394671222   0.120
53394672111   0.331
53394672112   0.621
53394672121   0.891
53394672122   1.231
53394672211   1.491
53394672212   1.790
53394672221   2.191
53394672222   2.521
53394673111   2.270
53394673112   2.370
53394673121   2.410
53394673122   2.261
53394673211   1.961
53394673212   2.721
53394673221   2.990
53394673222   3.820
53394674111   3.751
53394674112   3.721
53394674121   4.011
53394674122   3.931
53394674211   3.701
53394674212   3.701
53394674221   3.640
53394674222   2.980
53394675111   2.831
53394662333   0.010
53394662334   0.440
53394662343   0.650
53394662344   0.941
53394662433   1.330
53394662434   1.661
53394662443   1.970
53394662444   2.230
53394663333   1.070
53394663334   2.261
53394663343   2.220
53394663344   2.211
53394663433   2.741
53394663434   3.000
53394663443   2.541
53394663444   3.541
53394664333   3.780
53394664334   3.690
53394664343   3.721
53394664344   3.801
53394664433   3.931
53394664434   3.931
53394664443   4.151
53394664444   2.840
53394665333   2.890
53394662342   0.720
53394662431   0.971
53394662432   1.330
53394662441   1.500
53394662442   1.711
53394663331   1.560
53394663332   1.970
53394663341   2.181
53394663342   2.720
53394663431   2.880
53394663432   3.231
53394663441   2.761
53394663442   2.770
53394664331   3.631
53394664332   3.751
53394664341   3.531
53394664342   3.561
53394664431   3.780
53394664432   4.080
53394664441   3.850
53394664442   3.161
53394665331   3.151
53394662413   0.680
53394662414   0.711
53394662423   1.230
53394662424   1.470
53394663313   1.680
53394663314   1.971
53394663323   2.631
53394663324   2.910
53394663413   2.810
53394663414   3.111
53394663423   2.991
53394663424   2.591
53394664313   3.150
53394664314   3.261
53394664323   3.081
53394664324   3.351
53394664413   3.881
53394664414   4.051
53394664423   3.881
53394664424   3.471
53394665313   3.431
53394662411   0.091
53394662412   0.150
53394662421   0.771
53394662422   1.251
53394663311   2.241
53394663312   2.620
53394663321   2.660
53394663322   2.890
53394663411   2.831
53394663412   3.020
53394663421   2.311
53394663422   2.330
53394664311   2.311
53394664312   3.271
53394664321   3.121
53394664322   3.470
53394664411   3.880
53394664412   3.980
53394664421   3.701
53394664422   3.100
53394665311   2.940
53394662243   0.481
53394662244   1.371
53394663133   2.720
53394663134   3.160
53394663143   2.951
53394663144   2.841
53394663233   3.030
53394663234   3.121
53394663243   2.021
53394663244   1.911
53394664133   2.310
53394664134   3.061
53394664143   3.231
53394664144   3.450
53394664233   3.960
53394664234   3.871
53394664243   3.641
53394664244   2.901
53394662241   0.540
53394662242   1.521
53394663131   2.911
53394663132   3.241
53394663141   3.100
53394663142   2.971
53394663231   3.111
53394663232   3.051
53394663241   2.411
53394663242   2.460
53394664131   2.730
53394664132   2.901
53394664141   3.040
53394664142   3.451
53394664231   4.021
53394664232   3.930
53394664241   3.721
53394664242   3.061
53394662223   0.680
53394662224   1.961
53394663113   2.881
53394663114   3.131
53394663123   3.211
53394663124   3.070
53394663213   3.251
53394663214   3.311
53394663223   2.881
53394663224   3.090
53394664113   3.281
53394664114   3.121
53394664123   3.111
53394664124   3.450
53394664213   4.011
53394664214   4.041
53394664223   3.580
53394664224   3.381
53394662221   0.801
53394662222   2.271
53394663111   2.991
53394663112   3.010
53394663121   3.201
53394663122   3.381
53394663211   3.350
53394663212   2.981
53394663221   3.000
53394663222   3.311
53394664111   3.321
53394664112   3.080
53394664121   2.851
53394664122   3.201
53394664211   3.811
53394664212   3.400
53394664221   3.110
53394664222   3.511
53394652443   1.401
53394652444   2.731
53394653333   3.031
53394653334   3.011
53394653343   3.001
53394653344   3.241
53394653433   3.300
53394653434   3.171
53394653443   3.100
53394653444   3.301
53394654333   3.300
53394654334   2.751
53394654343   2.891
53394654344   2.251
53394654433   3.110
53394654434   2.400
53394654443   2.750
53394654444   3.550
53394652432   0.251
53394652441   2.211
53394652442   2.761
53394653331   2.991
53394653332   2.931
53394653341   2.961
53394653342   2.970
53394653431   3.241
53394653432   3.240
53394653441   3.251
53394653442   3.370
53394654331   2.841
53394654332   1.871
53394654341   2.560
53394654342   1.391
53394654431   2.470
53394654432   1.971
53394654441   3.191
53394652414   1.111
53394652423   2.361
53394652424   2.780
53394653313   2.991
53394653314   2.991
53394653323   3.021
53394653324   2.861
53394653413   2.891
53394653414   3.050
53394653423   3.160
53394653424   3.181
53394654313   2.541
53394654314   1.661
53394654323   1.901
53394654413   0.521
53394654414   1.970
53394654423   3.641
53394652412   1.431
53394652421   2.421
53394652422   2.791
53394653311   2.940
53394653312   2.850
53394653321   3.010
53394653322   2.880
53394653411   2.950
53394653412   2.981
53394653421   3.241
53394653422   2.950
53394654311   2.271
53394654312   1.850
53394654321   1.970
53394654322   0.871
53394654411   0.870
53394654412   2.051
53394652234   1.941
53394652243   2.371
53394652244   2.800
53394653133   3.101
53394653134   3.071
53394653143   2.851
53394653144   2.731
53394653233   2.881
53394653234   2.891
53394653243   2.821
53394653244   2.291
53394654133   1.641
53394654134   1.741
53394654143   1.661
53394654144   0.660
53394654233   1.041
53394652231   1.051
53394652232   1.871
53394652241   2.051
53394652242   2.681
53394653131   3.031
53394653132   3.060
53394653141   2.930
53394653142   2.710
53394653231   2.791
53394653232   2.941
53394653241   2.621
53394653242   2.141
53394654131   1.291
53394654132   1.561
53394654141   1.411
53394654142   0.611
53394654231   2.061
53394652213   1.851
53394652214   2.011
53394652223   1.991
53394652224   2.551
53394653113   2.981
53394653114   3.081
53394653123   2.851
53394653124   2.861
53394653213   2.711
53394653214   2.860
53394653223   3.010
53394653224   1.550
53394654113   0.751
53394654114   1.161
53394654123   1.691
53394654124   1.480
53394652211   1.991
53394652212   2.111
53394652221   2.181
53394652222   2.591
53394653111   2.771
53394653112   3.051
53394653121   2.761
53394653122   2.671
53394653211   2.500
53394653212   2.511
53394653221   2.111
53394653222   1.191
53394654111   0.821
53394654112   0.531
53394654121   2.521
53394642344   1.651
53394642433   2.031
53394642434   2.151
53394642443   2.261
53394642444   2.181
53394643333   2.561
53394643334   2.871
53394643343   2.661
53394643344   2.451
53394643433   2.171
53394643434   1.750
53394643443   1.141
53394643444   0.691
53394644333   0.640
53394644334   0.431
53394642342   1.911
53394642431   2.011
53394642432   2.041
53394642441   2.161
53394642442   2.151
53394643331   2.401
53394643332   2.741
53394643341   2.541
53394643342   2.511
53394643431   2.241
53394643432   1.531
53394643441   0.341
53394643442   0.071
53394644331   1.161
53394644332   1.041
53394642314   0.191
53394642323   1.931
53394642324   2.081
53394642413   2.040
53394642414   2.061
53394642423   2.400
53394642424   2.751
53394643313   2.751
53394643314   2.540
53394643323   2.741
53394643324   2.731
53394643413   2.381
53394643414   1.440
53394643423   0.231
53394643424   0.371
53394644313   2.121
53394642311   0.061
53394642312   0.851
53394642321   2.221
53394642322   2.121
53394642411   2.031
53394642412   2.351
53394642421   2.380
53394642422   2.481
53394643311   2.851
53394643312   2.651
53394643321   2.811
53394643322   3.010
53394643411   2.531
53394643412   1.300
53394643421   0.231
53394643422   1.801
53394644311   3.051
53394641244   0.221
53394642133   0.741
53394642134   1.381
53394642143   2.001
53394642144   1.981
53394642233   2.371
53394642234   2.551
53394642243   2.631
53394642244   2.830
53394643133   3.020
53394643134   3.071
53394643143   2.881
53394643144   3.030
53394643233   2.431
53394643234   1.281
53394643243   1.111
53394643244   2.591
53394641242   0.421
53394642131   1.071
53394642132   1.421
53394642141   1.921
53394642142   2.101
53394642231   2.471
53394642232   2.541
53394642241   2.691
53394642242   2.761
53394643131   2.980
53394643132   2.961
53394643141   2.831
53394643142   3.021
53394643231   2.451
53394643232   1.081
53394643241   1.871
53394643242   3.091
53394641224   0.641
53394642113   1.021
53394642114   1.521
53394642123   2.071
53394642124   2.151
53394642213   2.151
53394642214   2.190
53394642223   2.391
53394642224   2.551
53394643113   3.010
53394643114   2.911
53394643123   2.711
53394643124   2.741
53394643213   2.311
53394643214   1.431
53394643223   1.211
53394643224   1.981
53394641222   0.431
53394642111   0.781
53394642112   1.351
53394642121   1.951
53394642122   1.971
53394642211   2.161
53394642212   2.251
53394642221   2.081
53394642222   2.181
53394643111   2.581
53394643112   2.390
53394643121   2.570
53394643122   2.431
53394643211   1.681
53394643212   1.641
53394643221   1.671
53394631444   0.631
53394632333   0.981
53394632334   1.441
53394632343   1.961
53394632344   1.921
53394632433   2.031
53394632434   2.421
53394632443   1.991
53394632444   2.010
53394633333   2.101
53394633334   1.741
53394633343   2.241
53394633344   1.850
53394633433   1.241
53394633434   1.511
53394633443   2.001
53394631442   0.591
53394632331   1.001
53394632332   1.341
53394632341   1.831
53394632342   1.771
53394632431   1.370
53394632432   1.781
53394632441   1.841
53394632442   2.111
53394633331   2.070
53394633332   1.470
53394633341   1.791
53394633342   1.751
53394633431   1.220
53394633432   1.690
53394633441   2.090
53394631424   0.311
53394632313   0.871
53394632314   1.161
53394632323   1.731
53394632324   1.831
53394632413   1.641
53394632414   1.630
53394632423   1.750
53394632424   1.931
53394633313   1.801
53394633314   1.860
53394633323   1.920
53394633324   1.370
53394633413   1.370
53394633414   2.351
53394631422   0.731
53394632311   0.721
53394632312   1.121
53394632321   1.710
53394632322   1.181
53394632411   0.991
53394632412   1.661
53394632421   1.570
53394632422   1.680
53394633311   1.610
53394633312   1.470
53394633321   1.610
53394633322   1.420
53394633411   1.550
53394633412   2.340
53394631243   0.051
53394631244   0.641
53394632133   0.541
53394632134   0.851
53394632143   1.301
53394632144   1.250
53394632233   0.830
53394632234   1.501
53394632243   1.350
53394632244   1.660
53394633133   1.450
53394633134   1.100
53394633143   1.730
53394633144   1.909
53394633233   1.629
53394631242   0.151
53394632131   0.971
53394632132   1.141
53394632141   0.740
53394632142   1.261
53394632231   1.410
53394632232   0.880
53394632241   0.830
53394632242   1.230
53394633131   1.219
53394633132   0.839
53394633141   1.239
53394633142   2.119
53394633231   2.209
53394632113   0.379
53394632114   0.127
53394632123   0.139
53394632124   0.019
53394632213   0.650
53394632214   0.489
53394632223   0.198
53394632224   1.117
53394633113   1.288
53394633114   0.967
53394633123   1.848
53394633124   2.658
53394632111   0.368
53394632112   0.687
53394632121   0.667
53394632122   0.307
53394632211   0.328
53394632212   0.808
53394632221   0.507
53394632222   0.664
53394633111   1.290
53394633112   1.659
53394633121   2.247
53394633122   2.838
53394621444   0.029
53394622333   0.267
53394622334   0.557
53394622343   0.766
53394622344   0.636
53394622433   0.587
53394622434   0.577
53394622443   0.017
53394622444   0.299
53394623333   0.856
53394623334   1.365
53394623343   2.584
53394623344   1.943
53394622331   0.027
53394622332   0.256
53394622341   0.645
53394622342   0.545
53394622431   0.605
53394622432   0.127
53394622442   0.344
53394623331   1.174
53394623332   1.754
53394623341   2.953
53394623342   2.673
53394621423   0.286
53394621424   0.496
53394622313   0.305
53394622314   0.615
53394622323   0.804
53394622324   0.734
53394622413   0.583
53394622414   0.118
53394622423   0.243
53394622424   0.703
53394623313   1.483
53394623314   2.263
53394623323   2.903
53394623324   3.413
53394621421   0.296
53394621422   0.216
53394622311   0.175
53394622312   0.454
53394622321   1.014
53394622322   1.043
53394622411   0.431
53394622412   0.584
53394622421   1.383
53394622422   1.293
53394623311   1.883
53394623312   2.543
53394623321   3.463
53394623322   3.693
53394622134   0.124
53394622143   0.553
53394622144   0.501
53394622233   0.395
53394622234   0.843
53394622243   1.383
53394622244   1.783
53394623133   2.253
53394623134   2.873
53394623143   3.653
53394623144   3.433
53394621232   0.014
53394621241   0.025
53394622141   0.042
53394622142   0.475
53394622231   0.513
53394622232   0.703
53394622241   1.113
53394622242   1.853
53394623131   2.313
53394623132   2.973
53394623141   3.373
53394623142   3.203
53394623231   3.363
53394621114   0.027
53394622123   0.073
53394622124   0.552
53394622213   0.882
53394622214   0.792
53394622223   0.863
53394622224   1.433
53394623113   2.043
53394623114   2.973
53394623123   3.123
53394623124   3.113
53394623213   3.303
53394621112   0.317
53394621121   0.238
53394621211   0.360
53394621212   0.871
53394622121   0.041
53394622122   0.721
53394622211   0.941
53394622212   0.572
53394622221   0.562
53394622222   1.102
53394623111   2.132
53394623112   2.712
53394623121   2.892
53394623122   3.133
53394623211   2.992
53394623212   1.782
53394611333   0.345
53394611334   0.506
53394611343   0.399
53394611344   0.181
53394611433   0.148
53394611434   0.641
53394611443   0.442
53394612343   0.070
53394612344   0.920
53394612433   1.010
53394612434   0.591
53394612443   0.652
53394612444   1.812
53394613333   2.302
53394613334   2.642
53394613343   2.762
53394613344   3.092
53394613433   3.252
53394613434   1.962
53394611331   0.234
53394611332   0.565
53394611341   0.629
53394611342   0.601
53394611431   0.104
53394611432   0.591
53394611441   1.182
53394612341   0.028
53394612342   0.888
53394612431   1.009
53394612432   0.770
53394612441   1.201
53394612442   2.032
53394613331   2.452
53394613332   2.452
53394613341   2.682
53394613342   3.142
53394613431   3.032
53394613432   1.352
53394611313   0.211
53394611314   0.456
53394611323   0.467
53394611324   0.353
53394611413   0.293
53394611414   0.750
53394611423   0.703
53394611424   0.168
53394612314   0.056
53394612323   0.154
53394612324   0.718
53394612413   0.402
53394612414   0.720
53394612423   1.761
53394612424   2.081
53394613313   2.612
53394613314   2.542
53394613323   2.332
53394613324   2.242
53394613413   2.742
53394613414   2.442
53394610422   0.035
53394611311   0.186
53394611312   0.440
53394611321   0.327
53394611411   0.211
53394611412   0.511
53394611421   0.623
53394611422   0.164
53394612311   0.068
53394612312   0.142
53394612321   0.438
53394612322   1.012
53394612411   0.664
53394612412   0.887
53394612421   1.680
53394612422   2.181
53394613311   2.532
53394613312   2.642
53394613321   2.212
53394613322   2.282
53394613411   2.452
53394613412   2.832
53394611133   0.574
53394611134   0.467
53394611233   0.248
53394611234   0.227
53394611243   0.504
53394611244   0.277
53394612133   0.276
53394612134   0.339
53394612143   0.684
53394612144   0.998
53394612233   1.280
53394612234   1.095
53394612243   1.200
53394612244   2.161
53394613133   2.311
53394613134   2.722
53394613143   2.942
53394613144   2.322
53394613233   2.042
53394611131   0.637
53394611132   0.598
53394611141   0.450
53394611142   0.394
53394611231   0.311
53394611232   0.119
53394611241   0.129
53394611242   0.268
53394612131   0.359
53394612132   0.800
53394612141   1.042
53394612142   1.165
53394612231   1.727
53394612232   0.895
53394612241   1.118
53394612242   1.940
53394613131   2.291
53394613132   2.732
53394613141   3.012
53394613142   1.142
53394611113   0.752
53394611114   0.682
53394611123   0.617
53394611124   0.456
53394611213   0.647
53394611214   0.542
53394611224   0.212
53394612113   0.699
53394612114   1.251
53394612123   1.812
53394612124   1.943
53394612213   1.613
53394612223   0.800
53394612224   1.270
53394613113   1.751
53394613114   2.272
53394613123   2.702
53394613124   2.322
53394611111   0.534
53394611112   0.904
53394611121   0.497
53394611211   0.350
53394611212   0.532
53394612111   1.221
53394612112   2.941
53394612121   2.221
53394612122   1.452
53394612211   1.302
53394612212   1.041
53394612221   0.938
53394612222   0.707
53394613111   1.590
53394613112   0.711
53394613121   1.492
53394613122   2.652
53394601333   0.461
53394601334   0.915
53394601343   0.127
53394602333   0.251
53394602334   3.511
53394602343   2.241
53394602344   0.880
53394602433   0.639
53394602434   0.767
53394602443   1.000
53394602444   0.696
53394603333   0.711
53394603343   0.932
53394600442   0.040
53394601331   0.874
53394601332   0.908
53394601341   0.350
53394602331   0.016
53394602341   1.219
53394602342   0.735
53394602431   0.403
53394602432   0.963
53394602441   0.846
53394602442   0.733
53394603341   2.112
53394600424   0.538
53394601313   1.070
53394601314   0.712
53394602313   2.384
53394602314   1.345
53394602323   0.434
53394602324   0.773
53394602413   1.226
53394602414   1.123
53394602423   1.143
53394602424   0.425
53394603323   2.192
53394600422   0.887
53394601311   1.318
53394601312   0.748
53394601321   0.238
53394602311   0.738
53394602312   0.028
53394602321   0.173
53394602322   0.295
53394602411   0.684
53394602412   1.048
53394602421   0.996
53394603321   1.292
53394600243   0.172
53394600244   1.276
53394601133   1.597
53394601134   0.627
53394602144   0.309
53394602233   0.359
53394602234   0.671
53394602243   0.317
53394603133   0.025
53394603134   0.132
53394603143   0.872
53394600241   0.212
53394600242   1.195
53394601131   1.165
53394601132   0.176
53394601241   0.035
53394601242   0.188
53394602131   0.656
53394602132   0.096
53394602141   0.295
53394602142   0.359
53394602231   0.365
53394602232   0.287
53394602241   1.212
53394602242   1.220
53394603131   1.230
53394600214   0.037
53394600223   0.333
53394600224   0.972
53394601113   0.933
53394601223   0.128
53394601224   1.324
53394602114   0.349
53394602123   0.770
53394602124   0.395
53394602213   0.719
53394602214   0.903
53394602223   1.389
53394602224   0.358
53394600212   0.396
53394600221   1.179
53394600222   0.999
53394601111   1.141
53394601212   1.771
53394601221   0.509
53394601222   1.573
53394602121   0.704
53394602122   0.578
53394602211   0.674
53394602212   0.615
53394602221   1.594
53393690434   0.382
53393690443   0.821
53393691333   0.152
53393691433   0.780
53393691434   1.254
53393691443   0.976
53393691444   1.079
53393692333   0.340
53393692334   0.496
53393692343   0.977
53393692344   0.631
53393692433   0.374
53393692434   0.769
53393690432   0.236
53393690441   0.294
53393691331   0.051
53393691431   0.969
53393691432   1.079
53393691441   0.937
53393691442   0.406
53393692331   0.701
53393692332   0.631
53393692341   1.024
53393692342   0.586
53393692431   0.378
53393692432   0.740
53393690414   0.119
53393690423   0.066
53393691313   0.053
53393691324   0.197
53393691413   1.647
53393691414   0.945
53393692313   0.702
53393692314   0.092
53393692323   0.447
53393692324   0.623
53393692413   0.654
53393692414   1.663
53393690412   0.481
53393690421   0.348
53393691322   0.076
53393691411   0.726
53393691412   0.648
53393691422   0.261
53393692312   0.299
53393692321   0.527
53393692322   0.733
53393692411   1.019
53393690234   0.619
53393690243   0.458
53393691234   0.339
53393691243   0.476
53393691244   1.120
53393692133   0.928
53393692134   0.947
53393692143   0.850
53393692144   1.605
53393692233   1.544
53393690232   0.423
53393690241   0.349
53393691231   0.379
53393691232   0.733
53393691241   0.771
53393691242   0.566
53393692131   0.717
53393692132   1.069
53393692141   1.238
53393692142   1.849
53393690214   0.432
53393690223   0.300
53393691213   0.223
53393691214   0.668
53393691223   0.707
53393691224   0.419
53393692113   0.271
53393692114   1.738
53393690212   0.217
53393690221   0.372
53393691212   0.195
53393691221   0.497
53393691222   0.317
53393692111   0.608
53393680434   0.175
53393680443   0.248
53393681443   0.093
53393681444   0.231
53393680441   0.182
53393681442   0.152
