53395552241   1.922
53395552242   1.871
53395553131   1.471
53395553132   2.001
53395553141   2.661
53395553142   2.911
53395553231   2.301
53395553232   2.111
53395553241   2.061
53395553242   2.161
53395552224   0.521
53395553113   2.341
53395553114   2.831
53395553123   3.371
53395553124   3.421
53395553213   2.821
53395553214   2.471
53395553223   2.521
53395553224   2.721
53395554113   2.360
53395554114   2.100
53395554123   2.170
53395555113   1.750
53395555114   0.280
53395555123   2.830
53395555124   3.090
53395555213   3.540
53395555214   3.830
53395555223   3.450
53395553111   2.371
53395553112   2.981
53395553121   3.491
53395553122   3.491
53395553211   3.421
53395553212   3.231
53395553221   2.651
53395553222   3.060
53395554111   3.660
53395554112   3.420
53395554121   2.540
53395554122   2.690
53395554211   2.610
53395554212   2.180
53395554221   2.480
53395554222   3.090
53395555111   2.680
53395555112   1.730
53395555121   3.340
53395555122   3.600
53395555211   3.950
53395555212   4.360
53395555221   4.340
53395555222   3.880
53395556111   4.170
53395542343   0.148
53395543333   2.311
53395543334   3.011
53395543343   3.201
53395543344   3.191
53395543433   3.161
53395543434   3.091
53395543443   2.711
53395543444   3.030
53395544333   3.700
53395544334   3.960
53395544343   3.430
53395544344   3.340
53395544433   3.280
53395544434   3.050
53395544443   3.620
53395544444   3.960
53395545333   3.250
53395545334   3.260
53395545343   3.750
53395545344   4.190
53395545433   4.530
53395545434   4.780
53395545443   4.430
53395545444   2.929
53395546333   3.670
53395546334   3.870
53395542341   0.298
53395542342   0.498
53395542431   0.608
53395542432   0.548
53395542442   1.401
53395543331   2.071
53395543332   2.311
53395543341   2.291
53395543342   2.721
53395543431   2.301
53395543432   2.421
53395543441   2.521
53395543442   2.930
53395544331   3.620
53395544332   4.320
53395544341   4.210
53395544342   3.840
53395544431   3.430
53395544432   3.500
53395544441   3.920
53395544442   4.070
53395545331   3.320
53395545332   3.300
53395545341   4.000
53395545342   4.680
53395545431   4.940
53395545432   4.920
53395545441   4.700
53395545442   3.969
53395546331   3.790
53395546332   3.610
53395546341   3.690
53395542323   0.418
53395542324   0.678
53395542413   0.968
53395542414   1.108
53395542423   1.148
53395542424   0.818
53395543313   0.628
53395543314   0.748
53395543323   0.758
53395543324   0.738
53395543413   0.368
53395543414   0.158
53395543423   0.320
53395543424   2.420
53395544313   2.390
53395544314   2.800
53395544323   4.630
53395544324   3.270
53395544413   2.660
53395544414   3.180
53395544423   2.830
53395544424   3.160
53395545313   3.010
53395545314   3.730
53395545323   4.230
53395545324   4.560
53395545413   5.120
53395545414   4.930
53395545423   4.920
53395545424   4.259
53395546313   4.040
53395546314   3.800
53395546323   3.620
53395546324   3.481
53395542321   0.258
53395542322   0.638
53395542411   1.098
53395542412   1.178
53395542421   1.288
53395542422   1.308
53395543311   1.028
53395543312   0.978
53395543321   0.978
53395543322   0.808
53395543411   0.458
53395543412   0.589
53395543421   0.673
53395543422   0.573
53395544311   0.648
53395544312   1.080
53395544321   1.861
53395544322   1.101
53395544411   0.662
53395544412   1.242
53395544421   1.082
53395544422   1.312
53395545311   0.972
53395545312   3.650
53395545321   4.500
53395545322   4.530
53395545411   4.450
53395545412   4.480
53395545421   4.660
53395545422   4.060
53395546311   3.870
53395546312   3.640
53395546321   3.540
53395546322   3.741
53395546411   2.901
53395542134   0.068
53395542143   0.238
53395542144   0.618
53395542233   0.848
53395542234   1.148
53395542243   1.308
53395542244   1.388
53395543133   1.228
53395543134   1.108
53395543143   1.058
53395543144   0.488
53395543233   0.848
53395543234   0.913
53395543243   0.975
53395543244   1.104
53395544133   1.178
53395544134   1.060
53395544143   1.331
53395544144   1.531
53395544233   1.252
53395544234   1.672
53395544243   1.652
53395544244   1.512
53395545133   1.222
53395545134   1.592
53395545143   4.030
53395545144   4.100
53395545233   3.790
53395545234   4.040
53395545243   4.290
53395545244   3.890
53395546133   3.610
53395546134   3.510
53395546143   3.590
53395546144   3.671
53395546233   3.561
53395546234   3.322
53395546243   2.543
53395542141   0.188
53395542142   0.558
53395542231   0.478
53395542232   0.838
53395542241   0.918
53395542242   1.268
53395543131   1.268
53395543132   1.128
53395543141   1.008
53395543142   0.148
53395543231   0.740
53395543232   0.710
53395543241   0.687
53395543242   0.606
53395544131   1.229
53395544132   1.400
53395544141   1.671
53395544142   1.311
53395544231   1.492
53395544232   1.812
53395544241   2.112
53395544242   2.062
53395545131   1.862
53395545132   1.962
53395545141   3.390
53395545142   4.590
53395545231   7.190
53395545232   7.530
53395545241   4.200
53395545242   3.930
53395546131   3.160
53395546132   2.920
53395546141   3.321
53395546142   3.631
53395546231   3.691
53395546232   3.962
53395546241   3.243
53395546242   2.260
53395547131   1.985
53395547132   1.996
53395542124   0.098
53395542214   0.588
53395542223   0.438
53395542224   0.948
53395543113   1.138
53395543114   0.848
53395543123   0.448
53395543124   0.072
53395543213   0.781
53395543214   0.567
53395543223   0.194
53395543224   0.599
53395544113   1.270
53395544114   1.401
53395544123   1.541
53395544124   1.622
53395544213   1.992
53395544214   1.892
53395544223   2.002
53395544224   2.462
53395545113   2.302
53395545114   2.542
53395545123   1.832
53395545124   3.950
53395545213   5.860
53395545214   5.390
53395545223   4.300
53395545224   3.420
53395546113   3.140
53395546114   2.720
53395546123   3.441
53395546124   3.951
53395546213   3.871
53395546214   4.152
53395546223   2.173
53395546224   1.850
53395547113   2.764
53395547114   2.952
53395547123   2.933
53395547124   2.908
53395547213   2.997
53395547214   3.731
53395547223   4.273
53395547224   4.511
53395548113   4.079
53395548114   3.839
53395542122   0.018
53395542212   0.488
53395542221   0.348
53395542222   0.918
53395543111   0.848
53395543112   0.778
53395543121   0.158
53395543122   0.217
53395543211   0.580
53395543212   1.014
53395543221   1.047
53395543222   1.239
53395544111   1.400
53395544112   1.401
53395544121   1.481
53395544122   1.972
53395544211   2.492
53395544212   2.352
53395544221   2.412
53395544222   2.482
53395545111   2.122
53395545112   1.952
53395545121   1.832
53395545122   3.920
53395545211   3.990
53395545212   4.150
53395545221   4.400
53395545222   3.270
53395546111   3.360
53395546112   3.390
53395546121   3.871
53395546122   4.041
53395546211   3.961
53395546212   3.852
53395546221   3.274
53395546222   3.170
53395547111   3.225
53395547112   3.292
53395547121   3.451
53395547122   2.913
53395547211   2.804
53395547212   3.514
53395547221   4.056
53395547222   4.215
53395548111   4.020
53395548112   3.745
53395548121   3.552
53395548122   3.579
53395532434   0.608
53395532443   0.628
53395532444   1.108
53395533333   0.948
53395533334   0.988
53395533343   0.178
53395533344   0.103
53395533433   0.625
53395533434   1.316
53395533443   1.438
53395533444   1.499
53395534333   1.450
53395534334   1.421
53395534343   1.931
53395534344   2.062
53395534433   2.402
53395534434   2.292
53395534443   2.312
53395534444   2.322
53395535333   2.242
53395535334   2.172
53395535343   1.933
53395535344   2.073
53395535433   4.060
53395535434   4.390
53395535443   4.100
53395535444   3.310
53395536333   3.540
53395536334   4.100
53395536343   4.341
53395536344   4.191
53395536433   3.911
53395536434   3.108
53395536443   2.666
53395536444   2.735
53395537333   2.591
53395537334   1.796
53395537433   1.907
53395537434   2.803
53395537443   3.587
53395537444   3.349
53395538333   3.208
53395538334   3.297
53395538343   3.389
53395538344   3.504
53395538433   3.643
53395538434   3.749
53395539333   4.499
53395532432   0.058
53395532442   0.688
53395533331   0.228
53395533332   0.238
53395533431   0.476
53395533432   0.927
53395533441   1.108
53395533442   1.089
53395534331   1.310
53395534332   1.471
53395534341   1.861
53395534342   1.892
53395534431   2.062
53395534432   2.312
53395534441   2.372
53395534442   2.552
53395535331   2.522
53395535332   2.253
53395535341   2.013
53395535342   1.723
53395535431   3.400
53395535432   4.220
53395535441   4.070
53395535442   3.820
53395536331   3.310
53395536332   4.360
53395536341   4.420
53395536342   3.981
53395536431   2.731
53395536432   1.903
53395536441   1.709
53395536442   1.321
53395537432   2.321
53395537441   2.845
53395537442   2.807
53395538331   3.509
53395538332   3.612
53395538341   3.364
53395538342   3.371
53395538431   3.430
53395538432   3.534
53395538441   3.903
53395538442   4.334
53395539331   4.117
53395533313   0.238
53395533314   0.108
53395533414   0.267
53395533423   0.418
53395533424   0.460
53395534313   1.021
53395534314   0.971
53395534323   1.341
53395534324   1.582
53395534413   1.632
53395534414   1.952
53395534423   1.772
53395534424   2.092
53395535313   2.172
53395535314   1.593
53395535323   1.513
53395535324   1.384
53395535413   1.386
53395535414   2.910
53395535423   3.640
53395535424   4.050
53395536313   4.050
53395536314   3.820
53395536323   3.400
53395536324   2.656
53395536413   1.859
53395536414   0.959
53395537423   2.416
53395537424   2.935
53395538313   3.648
53395538314   4.008
53395538323   3.184
53395538324   3.217
53395538413   3.139
53395538414   3.310
53395538423   4.016
53395538424   4.363
53395539313   3.591
53395539314   2.462
53395533422   0.290
53395534311   0.751
53395534312   0.771
53395534321   1.012
53395534322   1.192
53395534411   1.282
53395534412   1.462
53395534421   1.262
53395534422   1.642
53395535311   1.863
53395535312   1.443
53395535321   1.403
53395535322   1.505
53395535411   2.077
53395535412   1.969
53395535421   2.110
53395535422   3.690
53395536311   3.600
53395536312   3.200
53395536321   1.840
53395536322   1.721
53395537412   0.673
53395537421   2.149
53395537422   2.642
53395538311   3.380
53395538312   3.610
53395538321   3.207
53395538322   2.961
53395538411   2.925
53395538412   3.157
53395538421   4.192
53395538422   4.758
53395539311   4.504
53395539312   3.401
53395534133   0.231
53395534134   0.421
53395534143   0.722
53395534144   0.742
53395534233   0.912
53395534234   1.192
53395534243   1.332
53395534244   1.412
53395535133   1.363
53395535134   1.133
53395535143   1.334
53395535144   1.295
53395535233   1.917
53395535234   2.269
53395535243   2.461
53395535244   1.278
53395536133   0.830
53395536134   0.772
53395536143   0.970
53395537234   0.382
53395537243   1.437
53395537244   2.072
53395538133   2.543
53395538134   3.070
53395538143   3.024
53395538144   2.831
53395538233   2.708
53395538234   3.005
53395538243   3.765
53395538244   4.721
53395539133   5.147
53395539134   4.583
53395539143   4.908
53395534141   0.292
53395534142   0.332
53395534231   0.502
53395534232   1.002
53395534241   1.112
53395534242   1.053
53395535131   1.073
53395535132   0.963
53395535141   1.134
53395535142   0.955
53395535231   0.757
53395535232   0.830
53395535241   1.251
53395535242   0.442
53395536131   0.044
53395537242   1.548
53395538131   2.219
53395538132   2.746
53395538141   2.826
53395538142   2.787
53395538231   2.710
53395538232   2.973
53395538241   3.637
53395538242   4.114
53395539131   4.802
53395539132   5.270
53395539141   4.979
53395534213   0.022
53395534214   0.412
53395534223   0.543
53395534224   0.903
53395535113   1.173
53395535114   0.983
53395535123   0.903
53395535124   0.044
53395537224   1.306
53395538113   1.782
53395538114   2.695
53395538123   2.788
53395538124   2.763
53395538213   2.994
53395538214   3.413
53395538223   4.009
53395538224   4.447
53395539113   4.356
53395539114   5.265
53395539123   5.195
53395539124   3.677
53395534212   0.072
53395534221   0.243
53395534222   0.433
53395535111   0.623
53395535112   0.763
53395535121   0.443
53395537222   0.884
53395538111   1.365
53395538112   2.214
53395538121   2.690
53395538122   3.014
53395538211   3.242
53395538212   3.956
53395538221   4.132
53395538222   4.590
53395539111   4.610
53395539112   5.030
53395539121   4.230
53395539122   4.047
53395524443   0.033
53395527444   0.591
53395528333   1.262
53395528334   1.802
53395528343   2.830
53395528344   3.110
53395528433   3.301
53395528434   3.676
53395528443   3.862
53395528444   4.181
53395529333   4.392
53395529334   4.924
53395529343   4.357
53395529344   4.716
53395529433   4.154
53395527442   0.176
53395528331   1.051
53395528332   1.911
53395528341   2.695
53395528342   3.005
53395528431   2.974
53395528432   3.029
53395528441   3.377
53395528442   3.847
53395529331   3.860
53395529332   4.813
53395529341   3.675
53395529342   4.695
53395529431   3.854
53395528313   0.848
53395528314   1.785
53395528323   2.137
53395528324   2.513
53395528413   2.982
53395528414   3.058
53395528423   3.267
53395528424   3.870
53395529313   3.935
53395529314   3.488
53395529323   3.844
53395529324   4.714
53395529413   4.002
53395529414   4.220
53395528311   0.896
53395528312   1.357
53395528321   1.610
53395528322   2.172
53395528411   2.907
53395528412   3.125
53395528421   3.484
53395528422   3.714
53395529311   3.400
53395529312   2.374
53395529321   3.813
53395529322   4.613
53395529411   4.651
53395529412   5.010
53395528133   0.445
53395528134   1.104
53395528143   1.653
53395528144   2.783
53395528233   3.541
53395528234   3.689
53395528243   3.906
53395528244   3.943
53395529133   3.159
53395529134   1.904
53395529143   4.193
53395529144   4.182
53395529233   4.360
53395529234   5.008
53395529243   5.114
53395528132   0.686
53395528141   1.633
53395528142   3.170
53395528231   3.637
53395528232   3.482
53395528241   3.908
53395528242   3.870
53395529131   2.588
53395529132   1.674
53395529141   4.163
53395529142   3.901
53395529231   3.749
53395529232   4.376
53395529241   4.412
53395529242   4.497
53395620131   4.267
53395528114   0.418
53395528123   1.851
53395528124   3.019
53395528213   3.724
53395528214   3.586
53395528223   3.597
53395528224   3.876
53395529113   3.038
53395529114   2.637
53395529123   3.683
53395529124   3.781
53395529213   3.558
53395529214   4.255
53395529223   4.211
53395529224   4.327
53395620113   3.984
53395620114   3.978
53395528121   1.613
53395528122   2.789
53395528211   3.752
53395528212   3.942
53395528221   3.789
53395528222   4.023
53395529111   3.373
53395529112   2.222
53395529121   3.162
53395529122   3.121
53395529211   3.146
53395529212   4.024
53395529221   3.940
53395529222   4.296
53395620111   3.431
53395620112   3.783
53395620121   3.970
53395518343   1.076
53395518344   2.158
53395518433   2.999
53395518434   3.757
53395518443   3.449
53395518444   2.698
53395519333   3.468
53395519334   3.195
53395519343   3.258
53395519344   2.592
53395519433   2.063
53395519434   3.693
53395519443   3.958
53395519444   4.116
53395610333   3.229
53395610334   3.137
53395610343   3.507
53395610344   3.666
53395610433   4.004
53395518341   0.287
53395518342   1.522
53395518431   2.201
53395518432   2.966
53395518441   3.235
53395518442   2.698
53395519331   3.459
53395519332   3.186
53395519341   3.016
53395519342   2.310
53395519431   1.374
53395519432   3.400
53395519441   3.386
53395519442   3.635
53395610331   3.289
53395610332   2.845
53395610341   3.344
53395610342   3.213
53395610431   3.225
53395610432   3.910
53395518324   1.132
53395518413   1.700
53395518414   2.403
53395518423   2.973
53395518424   3.269
53395519313   3.450
53395519314   3.141
53395519323   2.834
53395519324   2.245
53395519413   1.856
53395519414   2.241
53395519423   3.081
53395519424   3.728
53395610313   2.824
53395610314   2.561
53395610323   2.219
53395610324   2.988
53395610413   1.468
53395610414   2.581
53395610423   3.710
53395518322   0.868
53395518411   1.380
53395518412   1.972
53395518421   2.071
53395518422   2.735
53395519311   3.145
53395519312   3.253
53395519321   2.729
53395519322   2.160
53395519411   2.689
53395519412   3.303
53395519421   3.443
53395519422   3.287
53395610311   2.412
53395610312   2.410
53395610321   1.668
53395610322   1.987
53395610411   1.016
53395610412   1.705
53395610421   3.468
53395518144   0.232
53395518233   1.096
53395518234   1.859
53395518243   1.230
53395518244   1.961
53395519133   3.060
53395519134   3.146
53395519143   2.383
53395519144   2.086
53395519233   2.582
53395519234   3.093
53395519243   3.770
53395519244   3.563
53395610133   3.330
53395610134   2.257
53395610143   1.535
53395610144   1.375
53395610233   1.384
53395610234   1.764
53395610243   2.909
53395518231   0.797
53395518232   1.477
53395518241   1.311
53395518242   1.672
53395519131   3.140
53395519132   3.149
53395519141   2.350
53395519142   1.970
53395519231   1.950
53395519232   2.922
53395519241   3.503
53395519242   3.538
53395610131   3.286
53395610132   3.234
53395610141   2.683
53395610142   2.583
53395610231   1.884
53395610232   2.694
53395610241   2.696
53395518214   1.311
53395518223   1.507
53395518224   1.711
53395519113   2.962
53395519114   2.972
53395519123   2.017
53395519124   1.210
53395519213   1.145
53395519214   2.567
53395519223   3.102
53395519224   3.320
53395610113   3.180
53395610114   3.461
53395610123   3.542
53395610124   3.142
53395610213   3.053
53395610214   2.971
53395610223   2.653
53395610224   1.557
53395518212   0.943
53395518221   1.247
53395518222   1.802
53395519111   2.763
53395519112   2.774
53395519121   1.914
53395519122   1.010
53395519211   1.223
53395519212   2.542
53395519221   3.030
53395519222   3.230
53395610111   3.202
53395610112   3.487
53395610121   3.770
53395610122   3.512
53395610211   2.920
53395610212   2.603
53395610221   2.253
53395610222   1.810
53395508443   0.734
53395508444   1.477
53395509333   2.238
53395509334   2.277
53395509343   1.903
53395509344   1.146
53395509433   1.092
53395509434   2.485
53395509443   2.823
53395509444   3.024
53395600333   3.270
53395600334   3.231
53395600343   2.857
53395600344   2.970
53395600433   3.060
53395600434   2.951
53395600443   2.719
53395600444   2.735
53395601333   2.640
53395508441   0.279
53395508442   1.505
53395509331   2.316
53395509332   2.209
53395509341   1.757
53395509342   1.214
53395509431   1.443
53395509432   2.609
53395509441   3.105
53395509442   3.283
53395600331   2.956
53395600332   2.681
53395600341   2.599
53395600342   2.259
53395600431   3.059
53395600432   3.079
53395600441   2.927
53395600442   3.044
53395601331   2.429
53395601332   1.883
53395508424   1.088
53395509313   2.035
53395509314   2.223
53395509323   2.249
53395509324   2.390
53395509413   2.384
53395509414   2.815
53395509423   3.175
53395509424   3.384
53395600313   3.033
53395600314   1.499
53395600323   1.039
53395600324   2.259
53395600413   3.219
53395600414   3.118
53395600423   3.106
53395600424   2.872
53395601313   2.626
53395601314   2.328
53395601323   2.702
53395508422   0.414
53395509311   1.678
53395509312   2.005
53395509321   2.164
53395509322   2.318
53395509411   2.651
53395509412   2.717
53395509421   3.083
53395509422   3.402
53395600311   2.521
53395600312   1.599
53395600321   0.939
53395600322   2.678
53395600411   3.078
53395600412   3.127
53395600421   3.054
53395600422   2.980
53395601311   3.034
53395601312   2.866
53395601321   3.178
53395601322   3.260
53395603422   1.350
53395604311   1.460
53395604312   1.210
53395604321   0.970
53395509133   0.770
53395509134   1.651
53395509143   1.761
53395509144   1.769
53395509233   2.441
53395509234   2.429
53395509243   2.039
53395509244   2.413
53395600133   2.561
53395600134   1.762
53395600143   1.168
53395600144   2.478
53395600233   2.938
53395600234   3.106
53395600243   3.194
53395600244   3.209
53395601133   3.092
53395601134   3.083
53395601143   3.334
53395601144   3.574
53395601233   3.436
53395601234   3.232
53395603233   1.480
53395603234   2.300
53395603243   2.880
53395603244   3.070
53395604133   3.040
53395604134   2.720
53395604143   2.790
53395604144   1.930
53395604233   1.380
53395604234   0.080
53395509131   0.236
53395509132   1.001
53395509141   1.261
53395509142   1.636
53395509231   1.989
53395509232   1.952
53395509241   1.637
53395509242   1.972
53395600131   2.510
53395600132   2.078
53395600141   1.545
53395600142   1.895
53395600231   2.401
53395600232   2.744
53395600241   3.033
53395600242   2.849
53395601131   2.741
53395601132   2.561
53395601141   2.861
53395601142   2.991
53395601231   3.064
53395601232   3.692
53395601241   3.633
53395601242   3.590
53395602241   1.090
53395602242   0.946
53395603131   1.176
53395603132   2.195
53395603141   1.686
53395603142   0.662
53395603231   2.010
53395603232   2.820
53395603241   2.960
53395603242   2.940
53395604131   2.820
53395604132   2.560
53395604141   2.760
53395604142   2.580
53395604231   2.100
53395604232   1.980
53395604241   1.050
53395509123   0.551
53395509124   0.984
53395509213   1.147
53395509214   1.614
53395509223   1.545
53395509224   2.275
53395600113   2.821
53395600114   2.883
53395600123   2.279
53395600124   1.112
53395600213   1.041
53395600214   1.216
53395600223   1.432
53395600224   0.930
53395601113   1.026
53395601114   1.277
53395601123   2.239
53395601124   2.399
53395601213   2.643
53395601214   3.178
53395601223   3.311
53395601224   3.373
53395602113   3.179
53395602114   3.272
53395602123   3.023
53395602124   3.204
53395602213   3.113
53395602214   2.028
53395602223   1.458
53395602224   1.563
53395603113   1.740
53395603114   2.625
53395603123   1.541
53395603124   1.466
53395603213   1.350
53395603214   2.620
53395603223   3.190
53395603224   3.010
53395604113   2.510
53395604114   2.550
53395604123   2.690
53395604124   2.710
53395604213   2.250
53395604214   2.770
53395604223   2.450
53395604224   1.520
53395509121   0.115
53395509122   0.216
53395509211   1.189
53395509212   1.802
53395509221   2.040
53395509222   2.925
53395600111   3.289
53395600112   3.369
53395600121   2.949
53395600122   2.143
53395600211   2.344
53395600212   2.487
53395600221   2.312
53395600222   0.243
53395601111   0.588
53395601112   0.834
53395601121   1.882
53395601122   2.270
53395601211   2.408
53395601212   2.807
53395601221   2.847
53395601222   2.419
53395602111   2.307
53395602112   2.774
53395602121   2.205
53395602122   2.275
53395602211   2.175
53395602212   1.253
53395602221   0.847
53395602222   0.532
53395603111   0.873
53395603112   1.804
53395603121   0.430
53395603122   2.070
53395603211   1.250
53395603212   2.400
53395603221   2.980
53395603222   2.830
53395604111   2.550
53395604112   2.550
53395604121   2.610
53395604122   2.720
53395604211   1.840
53395604212   2.700
53395604221   3.130
53395604222   2.910
53395605111   1.800
53394599344   0.322
53394599433   1.736
53394599434   1.704
53394599443   2.417
53394599444   3.039
53394690333   3.044
53394690334   3.065
53394690343   2.784
53394690344   2.265
53394690433   2.362
53394690434   2.794
53394690443   2.973
53394690444   2.790
53394691333   2.808
53394691334   2.247
53394691343   2.332
53394691344   2.690
53394691433   2.548
53394691434   2.357
53394691443   2.446
53394691444   2.303
53394692333   2.630
53394692334   3.039
53394692343   2.638
53394692344   2.117
53394692433   3.497
53394692434   3.107
53394692443   2.927
53394692444   2.816
53394693333   3.166
53394693334   2.456
53394693343   2.276
53394693344   4.116
53394693433   1.450
53394693434   1.330
53394693443   2.680
53394693444   3.020
53394694333   2.470
53394694334   2.530
53394694343   2.600
53394694344   2.490
53394694433   1.590
53394694434   2.370
53394694443   3.040
53394694444   3.270
53394695333   2.980
53394695334   1.340
53394599431   0.981
53394599432   1.474
53394599441   2.610
53394599442   2.936
53394690331   2.790
53394690332   2.851
53394690341   2.666
53394690342   2.266
53394690431   2.285
53394690432   2.810
53394690441   2.990
53394690442   3.218
53394691331   2.957
53394691332   2.527
53394691341   2.852
53394691342   3.640
53394691431   3.708
53394691432   3.497
53394691441   3.745
53394691442   3.113
53394692331   1.730
53394692332   2.779
53394692341   2.578
53394692342   2.347
53394692431   4.107
53394692432   4.237
53394692441   4.166
53394692442   4.096
53394693331   4.026
53394693332   3.536
53394693341   3.456
53394693342   3.286
53394693431   1.000
53394693432   1.300
53394693441   2.430
53394693442   2.800
53394694331   2.670
53394694332   2.680
53394694341   2.270
53394694342   1.800
53394694431   1.400
53394694432   1.090
53394694441   2.590
53394694442   2.910
53394695331   3.240
53394695332   2.200
53394599414   1.191
53394599423   2.670
53394599424   2.715
53394690313   2.489
53394690314   2.446
53394690323   2.478
53394690324   2.256
53394690413   2.400
53394690414   2.728
53394690423   2.647
53394690424   2.636
53394691313   2.605
53394691314   2.866
53394691323   3.622
53394691324   3.850
53394691413   3.898
53394691414   3.976
53394691423   3.605
53394691424   3.473
53394692313   1.680
53394692314   2.189
53394692323   2.738
53394692324   3.317
53394692413   4.237
53394692414   4.227
53394692423   3.986
53394692424   3.996
53394693313   4.506
53394693314   4.906
53394693323   4.496
53394693324   3.496
53394693413   3.756
53394693414   1.610
53394693423   1.930
53394693424   2.920
53394694313   3.060
53394694314   3.020
53394694323   2.320
53394694324   1.410
53394694413   1.270
53394694414   1.240
53394694423   3.260
53394694424   3.090
53394695313   3.120
53394695314   2.920
53394695323   1.520
53394599421   1.982
53394599422   2.366
53394690311   2.078
53394690312   2.032
53394690321   2.081
53394690322   2.032
53394690411   2.596
53394690412   2.735
53394690421   2.565
53394690422   2.304
53394691311   2.293
53394691312   2.726
53394691321   3.542
53394691322   3.669
53394691411   4.008
53394691412   3.906
53394691421   3.534
53394691422   3.402
53394692311   3.120
53394692312   2.998
53394692321   3.668
53394692322   4.037
53394692411   4.267
53394692412   4.147
53394692421   3.746
53394692422   3.846
53394693311   4.516
53394693312   5.046
53394693321   4.946
53394693322   4.256
53394693411   4.256
53394693412   1.800
53394693421   1.470
53394693422   2.730
53394694311   2.940
53394694312   3.070
53394694321   2.620
53394694322   1.640
53394694411   2.090
53394694412   2.080
53394694421   3.760
53394694422   3.560
53394695311   3.050
53394695312   3.160
53394695321   2.280
53394695322   1.240
53394599244   1.383
53394690133   1.625
53394690134   1.549
53394690143   1.716
53394690144   1.601
53394690233   2.493
53394690234   2.693
53394690243   2.623
53394690244   2.592
53394691133   2.523
53394691134   2.846
53394691143   3.352
53394691144   3.309
53394691233   3.897
53394691234   3.715
53394691243   3.473
53394691244   3.511
53394692133   3.570
53394692134   3.588
53394692143   3.837
53394692144   3.997
53394692233   4.237
53394692234   4.106
53394692243   3.986
53394692244   4.086
53394693133   4.396
53394693134   4.826
53394693143   4.966
53394693144   4.586
53394693233   4.576
53394693234   1.900
53394693243   1.260
53394693244   2.140
53394694133   2.720
53394694134   2.720
53394694143   2.510
53394694144   1.850
53394694233   2.701
53394694234   2.901
53394694243   3.890
53394694244   3.620
53394695133   3.370
53394695134   3.410
53394695143   3.110
53394695144   1.990
53394690131   0.755
53394690132   1.111
53394690141   1.032
53394690142   0.944
53394690231   1.599
53394690232   2.310
53394690241   2.380
53394690242   2.391
53394691131   2.592
53394691132   2.916
53394691141   3.142
53394691142   3.109
53394691231   3.787
53394691232   3.595
53394691241   3.303
53394691242   3.501
53394692131   3.699
53394692132   3.588
53394692141   3.647
53394692142   3.857
53394692231   3.936
53394692232   3.966
53394692241   4.016
53394692242   4.136
53394693131   4.466
53394693132   4.856
53394693141   4.416
53394693142   2.220
53394693231   2.160
53394693232   1.770
53394693241   1.360
53394693242   1.980
53394694131   2.040
53394694132   2.240
53394694141   2.390
53394694142   2.060
53394694231   2.310
53394694232   2.900
53394694241   3.720
53394694242   3.470
53394695131   3.430
53394695132   3.510
53394695141   3.350
53394695142   2.900
53394690123   0.611
53394690124   0.531
53394690213   0.716
53394690214   1.347
53394690223   1.788
53394690224   1.729
53394691113   1.981
53394691114   2.475
53394691123   2.672
53394691124   2.438
53394691213   2.716
53394691214   2.954
53394691223   3.032
53394691224   3.430
53394692113   3.559
53394692114   3.318
53394692123   3.367
53394692124   3.317
53394692213   3.216
53394692214   3.406
53394692223   3.836
53394692224   3.956
53394693113   4.306
53394693114   4.376
53394693123   3.206
53394693124   2.170
53394693213   2.230
53394693214   1.890
53394693223   1.420
53394693224   2.150
53394694113   2.200
53394694114   2.010
53394694123   1.610
53394694124   1.980
53394694213   2.150
53394694214   2.770
53394694223   3.650
53394694224   3.530
53394695113   3.330
53394695114   3.580
53394695123   3.770
53394695124   3.400
53394695213   1.870
53394690122   0.458
53394690211   0.099
53394690212   0.173
53394690221   0.734
53394690222   1.077
53394691111   1.440
53394691112   1.874
53394691121   1.941
53394691122   1.407
53394691211   1.655
53394691212   1.942
53394691221   2.411
53394691222   2.979
53394692111   3.078
53394692112   2.987
53394692121   2.987
53394692122   2.856
53394692211   2.706
53394692212   2.766
53394692221   3.156
53394692222   3.346
53394693111   3.796
53394693112   3.886
53394693121   3.386
53394693122   2.012
53394693211   1.980
53394693212   1.617
53394693221   1.420
53394693222   1.390
53394694111   2.140
53394694112   2.240
53394694121   1.760
53394694122   2.640
53394694211   3.000
53394694212   3.120
53394694221   3.070
53394694222   3.080
53394695111   3.210
53394695112   3.820
53394695121   4.000
53394695122   3.470
53394695211   2.380
53394681334   0.742
53394681343   1.169
53394681344   1.445
53394681433   1.563
53394681434   1.691
53394681443   2.030
53394681444   2.659
53394682333   2.977
53394682334   3.156
53394682343   2.936
53394682344   2.635
53394682433   2.556
53394682434   2.515
53394682443   2.805
53394682444   2.975
53394683333   2.876
53394683334   3.996
53394683343   3.805
53394683344   1.885
53394683433   2.101
53394683434   1.961
53394683443   2.013
53394683444   1.790
53394684333   1.840
53394684334   1.790
53394684343   2.120
53394684344   3.480
53394684433   3.060
53394684434   2.970
53394684443   2.910
53394684444   2.520
53394685333   2.040
53394685334   2.600
53394685343   3.370
53394685344   3.370
53394685433   2.700
53394685434   0.390
53394681341   0.395
53394681342   1.443
53394681431   1.541
53394681432   1.320
53394681441   1.599
53394681442   2.127
53394682331   2.566
53394682332   3.165
53394682341   2.785
53394682342   2.564
53394682431   2.394
53394682432   2.204
53394682441   2.524
53394682442   2.804
53394683331   1.234
53394683332   1.165
53394683341   1.890
53394683342   3.261
53394683431   1.832
53394683432   2.022
53394683441   2.181
53394683442   2.090
53394684331   2.030
53394684332   1.490
53394684341   2.380
53394684342   4.220
53394684431   2.840
53394684432   2.330
53394684441   2.430
53394684442   2.020
53394685331   1.140
53394685332   1.170
53394685341   2.050
53394685342   3.170
53394685431   2.830
53394685432   0.180
53394681324   1.081
53394681413   1.410
53394681414   1.259
53394681423   1.108
53394681424   1.636
53394682313   2.205
53394682314   2.974
53394682323   2.853
53394682324   2.613
53394682413   2.272
53394682414   2.042
53394682423   2.262
53394682424   2.742
53394683313   1.792
53394683323   0.027
53394683324   1.886
53394683413   0.572
53394683414   1.552
53394683423   2.001
53394683424   2.191
53394684313   2.200
53394684314   1.600
53394684323   2.230
53394684324   2.860
53394684413   2.710
53394684414   2.220
53394684423   2.130
53394684424   1.630
53394685313   0.790
53394685324   2.080
53394685413   2.050
53394681322   0.880
53394681411   1.239
53394681412   0.898
53394681421   0.956
53394681422   1.345
53394682311   1.753
53394682312   2.403
53394682321   3.012
53394682322   2.682
53394682411   2.210
53394682412   2.139
53394682421   2.169
53394682422   2.559
53394683311   0.860
53394683312   0.040
53394683321   1.415
53394683322   2.774
53394683411   2.004
53394683412   0.711
53394683421   1.531
53394683422   1.631
53394684311   1.480
53394684312   1.260
53394684321   2.200
53394684322   2.570
53394684411   2.150
53394684412   1.910
53394684421   1.550
53394684422   1.220
53394685311   2.858
53394685312   1.395
53394685321   1.123
53394685322   1.140
53394685411   1.090
53394681233   1.076
53394681234   0.825
53394681243   0.934
53394681244   1.103
53394682133   1.592
53394682134   2.011
53394682143   2.600
53394682144   2.659
53394682233   2.338
53394682234   2.337
53394682243   2.206
53394682244   2.726
53394683134   1.186
53394683143   3.535
53394683144   3.215
53394683233   0.162
53394683234   1.606
53394683243   3.465
53394683244   0.661
53394684134   0.970
53394684143   2.000
53394684144   1.810
53394684233   1.520
53394684234   1.170
53394684243   3.169
53394684244   4.398
53394685133   4.226
53394685134   3.775
53394685143   3.583
53394685144   2.996
53394681231   1.135
53394681232   0.953
53394681241   0.742
53394681242   0.551
53394682131   1.059
53394682132   1.688
53394682141   2.318
53394682142   2.637
53394682231   2.435
53394682232   2.434
53394682241   2.383
53394682242   2.670
53394683131   2.287
53394683132   4.115
53394683141   3.745
53394683142   3.595
53394683231   1.705
53394683232   1.986
53394683241   3.384
53394683242   3.919
53394684131   2.832
53394684132   3.762
53394684141   4.025
53394684142   3.753
53394684231   3.486
53394684232   3.129
53394684241   3.106
53394684242   4.846
53394685131   4.905
53394685132   4.895
53394685141   4.224
53394685142   3.044
53394681213   0.804
53394681214   1.001
53394681223   0.859
53394681224   0.587
53394682113   1.036
53394682114   1.747
53394682123   2.216
53394682124   2.715
53394682213   2.613
53394682214   2.582
53394682223   2.571
53394682224   2.848
53394683113   5.334
53394683114   4.704
53394683123   4.024
53394683124   3.994
53394683213   3.634
53394683214   2.936
53394683223   3.537
53394683224   3.497
53394684113   3.518
53394684114   3.787
53394684123   3.170
53394684124   2.923
53394684213   3.139
53394684214   3.276
53394684223   4.205
53394684224   4.755
53394685113   4.334
53394685114   4.665
53394685123   4.394
53394685124   3.535
53394681212   0.757
53394681221   0.936
53394681222   1.065
53394682111   1.445
53394682112   1.935
53394682121   1.965
53394682122   2.344
53394682211   2.631
53394682212   2.811
53394682221   2.660
53394682222   2.767
53394683111   3.576
53394683112   3.965
53394683121   4.055
53394683122   3.985
53394683211   3.645
53394683212   3.224
53394683221   3.977
53394683222   3.616
53394684111   3.837
53394684112   3.986
53394684121   3.403
53394684122   2.943
53394684211   3.268
53394684212   4.067
53394684221   4.495
53394684222   4.026
53394685111   3.797
53394685112   3.676
53394685121   4.165
53394685122   3.714
53394671434   0.864
53394671443   1.034
53394671444   1.254
53394672333   1.424
53394672334   1.914
53394672343   2.084
53394672344   2.063
53394672433   2.490
53394672434   2.761
53394672443   2.747
53394672444   2.706
53394673333   3.307
53394673334   3.685
53394673343   3.745
53394673344   3.755
53394673433   3.345
53394673434   3.165
53394673443   3.616
53394673444   3.637
53394674333   3.977
53394674334   4.433
53394674343   3.794
53394674344   3.510
53394674433   3.538
53394674434   4.286
53394674443   4.706
53394674444   4.044
53394675333   3.957
53394675334   3.205
53394675343   3.655
53394675344   3.745
53394671432   1.624
53394671441   1.324
53394671442   1.174
53394672331   1.224
53394672332   1.683
53394672341   2.072
53394672342   2.143
53394672431   2.621
53394672432   2.978
53394672441   3.097
53394672442   3.075
53394673331   3.305
53394673332   3.475
53394673341   3.365
53394673342   3.495
53394673431   3.625
53394673432   3.407
53394673441   3.686
53394673442   4.016
53394674331   4.096
53394674332   4.433
53394674341   3.837
53394674342   3.807
53394674431   3.967
53394674432   4.175
53394674441   4.137
53394674442   3.506
53394675331   3.135
53394675332   2.949
53394675341   3.235
53394671414   2.424
53394671423   1.353
53394671424   0.944
53394672313   1.324
53394672314   1.393
53394672323   1.772
53394672324   2.141
53394672413   2.553
53394672414   3.248
53394672423   3.255
53394672424   3.215
53394673313   3.343
53394673314   3.324
53394673323   3.414
53394673324   3.596
53394673413   3.705
53394673414   3.416
53394673423   3.837
53394673424   3.995
53394674313   4.354
53394674314   4.325
53394674323   3.838
53394674324   3.985
53394674413   4.275
53394674414   4.346
53394674423   4.186
53394674424   3.305
53394675313   2.376
53394675314   2.937
53394675323   3.128
53394671412   0.352
53394671421   1.052
53394671422   1.147
53394672311   1.147
53394672312   1.357
53394672321   1.527
53394672322   1.787
53394672411   2.139
53394672412   3.078
53394672421   2.974
53394672422   3.204
53394673311   3.325
53394673312   3.245
53394673321   3.301
53394673322   3.424
53394673411   3.684
53394673412   3.254
53394673421   4.114
53394673422   4.146
53394674311   4.295
53394674312   4.064
53394674321   3.967
53394674322   4.186
53394674411   4.274
53394674412   4.246
53394674421   4.225
53394674422   3.506
53394675311   3.407
53394675312   3.566
53394671243   0.721
53394671244   0.867
53394672133   0.927
53394672134   1.227
53394672143   1.458
53394672144   1.787
53394672233   1.783
53394672234   2.668
53394672243   3.077
53394672244   3.096
53394673133   3.144
53394673134   3.172
53394673143   3.148
53394673144   3.104
53394673233   3.424
53394673234   3.281
53394673243   4.096
53394673244   4.195
53394674133   4.122
53394674134   4.085
53394674143   4.188
53394674144   4.176
53394674233   3.946
53394674234   3.896
53394674243   4.505
53394674244   4.275
53394675133   3.845
53394671242   0.867
53394672131   0.917
53394672132   1.077
53394672141   1.409
53394672142   1.829
53394672231   1.649
53394672232   2.268
53394672241   2.866
53394672242   2.926
53394673131   2.835
53394673132   2.986
53394673141   3.006
53394673142   2.885
53394673231   2.656
53394673232   3.525
53394673241   4.775
53394673242   4.106
53394674131   4.108
53394674132   4.131
53394674141   4.077
53394674142   4.175
53394674231   4.076
53394674232   3.924
53394674241   4.194
53394674242   3.995
53394675131   3.528
53394671224   0.727
53394672113   0.777
53394672114   0.937
53394672123   1.218
53394672124   1.618
53394672213   1.497
53394672214   2.137
53394672223   2.706
53394672224   2.736
53394673113   2.535
53394673114   2.795
53394673123   2.834
53394673124   2.755
53394673213   1.856
53394673214   3.197
53394673223   3.954
53394673224   4.135
53394674113   4.176
53394674114   4.129
53394674123   4.129
53394674124   4.106
53394674213   3.236
53394674214   3.624
53394674223   3.396
53394674224   3.605
53394675113   3.376
53394671222   0.357
53394672111   0.567
53394672112   0.857
53394672121   1.127
53394672122   1.467
53394672211   1.727
53394672212   2.026
53394672221   2.426
53394672222   2.755
53394673111   2.505
53394673112   2.605
53394673121   2.645
53394673122   2.495
53394673211   2.196
53394673212   2.955
53394673221   3.225
53394673222   4.055
53394674111   3.989
53394674112   3.956
53394674121   4.249
53394674122   4.167
53394674211   3.935
53394674212   3.935
53394674221   3.874
53394674222   3.217
53394675111   3.068
53394662333   0.247
53394662334   0.677
53394662343   0.887
53394662344   1.178
53394662433   1.567
53394662434   1.895
53394662443   2.206
53394662444   2.465
53394663333   1.305
53394663334   2.494
53394663343   2.454
53394663344   2.445
53394663433   2.976
53394663434   3.235
53394663443   2.778
53394663444   3.778
53394664333   4.017
53394664334   3.928
53394664343   3.957
53394664344   4.037
53394664433   4.165
53394664434   4.166
53394664443   4.384
53394664444   3.075
53394665333   3.126
53394662342   0.957
53394662431   1.206
53394662432   1.566
53394662441   1.736
53394662442   1.944
53394663331   1.793
53394663332   2.203
53394663341   2.414
53394663342   2.954
53394663431   3.114
53394663432   3.463
53394663441   2.996
53394663442   3.006
53394664331   3.865
53394664332   3.986
53394664341   3.765
53394664342   3.797
53394664431   4.018
53394664432   4.315
53394664441   4.084
53394664442   3.395
53394665331   3.388
53394662413   0.916
53394662414   0.945
53394662423   1.465
53394662424   1.703
53394663313   1.912
53394663314   2.203
53394663323   2.864
53394663324   3.143
53394663413   3.043
53394663414   3.345
53394663423   3.226
53394663424   2.825
53394664313   3.388
53394664314   3.495
53394664323   3.316
53394664324   3.586
53394664413   4.116
53394664414   4.287
53394664423   4.116
53394664424   3.705
53394665313   3.666
53394662411   0.325
53394662412   0.384
53394662421   1.003
53394662422   1.482
53394663311   2.471
53394663312   2.852
53394663321   2.893
53394663322   3.123
53394663411   3.064
53394663412   3.255
53394663421   2.544
53394663422   2.564
53394664311   2.545
53394664312   3.504
53394664321   3.354
53394664322   3.704
53394664411   4.118
53394664412   4.218
53394664421   3.937
53394664422   3.336
53394665311   3.178
53394662243   0.711
53394662244   1.601
53394663133   2.951
53394663134   3.391
53394663143   3.183
53394663144   3.073
53394663233   3.263
53394663234   3.353
53394663243   2.252
53394663244   2.143
53394664133   2.544
53394664134   3.295
53394664143   3.466
53394664144   3.684
53394664233   4.195
53394664234   4.107
53394664243   3.876
53394664244   3.136
53394662241   0.770
53394662242   1.750
53394663131   3.140
53394663132   3.472
53394663141   3.332
53394663142   3.202
53394663231   3.343
53394663232   3.282
53394663241   2.642
53394663242   2.692
53394664131   2.964
53394664132   3.135
53394664141   3.274
53394664142   3.686
53394664231   4.255
53394664232   4.166
53394664241   3.957
53394664242   3.296
53394662223   0.909
53394662224   2.190
53394663113   3.111
53394663114   3.362
53394663123   3.441
53394663124   3.302
53394663213   3.482
53394663214   3.542
53394663223   3.112
53394663224   3.322
53394664113   3.513
53394664114   3.354
53394664123   3.344
53394664124   3.687
53394664213   4.245
53394664214   4.274
53394664223   3.817
53394664224   3.619
53394662221   1.028
53394662222   2.500
53394663111   3.222
53394663112   3.242
53394663121   3.431
53394663122   3.611
53394663211   3.581
53394663212   3.211
53394663221   3.232
53394663222   3.542
53394664111   3.553
53394664112   3.313
53394664121   3.083
53394664122   3.434
53394664211   4.045
53394664212   3.635
53394664221   3.347
53394664222   3.747
53394652443   1.629
53394652444   2.959
53394653333   3.262
53394653334   3.240
53394653343   3.231
53394653344   3.470
53394653433   3.531
53394653434   3.401
53394653443   3.332
53394653444   3.532
53394654333   3.532
53394654334   2.982
53394654343   3.125
53394654344   2.487
53394654433   3.346
53394654434   2.635
53394654443   2.989
53394654444   3.787
53394652432   0.476
53394652441   2.438
53394652442   2.990
53394653331   3.221
53394653332   3.160
53394653341   3.190
53394653342   3.200
53394653431   3.470
53394653432   3.471
53394653441   3.481
53394653442   3.601
53394654331   3.071
53394654332   2.102
53394654341   2.792
53394654342   1.624
53394654431   2.702
53394654432   2.207
53394654441   3.428
53394652414   1.337
53394652423   2.588
53394652424   3.010
53394653313   3.219
53394653314   3.220
53394653323   3.249
53394653324   3.090
53394653413   3.120
53394653414   3.281
53394653423   3.390
53394653424   3.410
53394654313   2.771
53394654314   1.891
53394654323   2.132
53394654413   0.753
53394654414   2.205
53394654423   3.876
53394652412   1.657
53394652421   2.648
53394652422   3.019
53394653311   3.169
53394653312   3.079
53394653321   3.238
53394653322   3.110
53394653411   3.179
53394653412   3.210
53394653421   3.470
53394653422   3.180
53394654311   2.501
53394654312   2.081
53394654321   2.200
53394654322   1.100
53394654411   1.101
53394654412   2.283
53394652234   2.166
53394652243   2.598
53394652244   3.028
53394653133   3.328
53394653134   3.297
53394653143   3.078
53394653144   2.959
53394653233   3.109
53394653234   3.119
53394653243   3.049
53394653244   2.520
53394654133   1.870
53394654134   1.970
53394654143   1.891
53394654144   0.890
53394654233   1.270
53394652231   1.274
53394652232   2.096
53394652241   2.277
53394652242   2.907
53394653131   3.258
53394653132   3.287
53394653141   3.158
53394653142   2.938
53394653231   3.019
53394653232   3.168
53394653241   2.849
53394653242   2.369
53394654131   1.520
53394654132   1.791
53394654141   1.640
53394654142   0.839
53394654231   2.290
53394652213   2.074
53394652214   2.235
53394652223   2.216
53394652224   2.777
53394653113   3.207
53394653114   3.306
53394653123   3.077
53394653124   3.087
53394653213   2.938
53394653214   3.088
53394653223   3.238
53394653224   1.779
53394654113   0.979
53394654114   1.390
53394654123   1.920
53394654124   1.710
53394652211   2.214
53394652212   2.334
53394652221   2.405
53394652222   2.816
53394653111   2.996
53394653112   3.276
53394653121   2.986
53394653122   2.897
53394653211   2.727
53394653212   2.737
53394653221   2.338
53394653222   1.418
53394654111   1.048
53394654112   0.758
53394654121   2.749
53394642344   1.872
53394642433   2.252
53394642434   2.373
53394642443   2.484
53394642444   2.404
53394643333   2.785
53394643334   3.095
53394643343   2.885
53394643344   2.675
53394643433   2.395
53394643434   1.977
53394643443   1.367
53394643444   0.918
53394644333   0.867
53394644334   0.656
53394642341   0.129
53394642342   2.131
53394642431   2.232
53394642432   2.262
53394642441   2.382
53394642442   2.373
53394643331   2.623
53394643332   2.964
53394643341   2.763
53394643342   2.734
53394643431   2.464
53394643432   1.755
53394643441   0.570
53394643442   0.298
53394644331   1.385
53394644332   1.265
53394642314   0.409
53394642323   2.149
53394642324   2.300
53394642413   2.262
53394642414   2.281
53394642423   2.622
53394642424   2.972
53394643313   2.972
53394643314   2.763
53394643323   2.963
53394643324   2.953
53394643413   2.603
53394643414   1.664
53394643423   0.456
53394643424   0.596
53394644313   2.344
53394642311   0.279
53394642312   1.069
53394642321   2.440
53394642322   2.340
53394642411   2.251
53394642412   2.571
53394642421   2.601
53394642422   2.701
53394643311   3.071
53394643312   2.872
53394643321   3.032
53394643322   3.232
53394643411   2.752
53394643412   1.522
53394643421   0.451
53394643422   2.023
53394644311   3.274
53394641244   0.438
53394642133   0.959
53394642134   1.599
53394642143   2.219
53394642144   2.200
53394642233   2.591
53394642234   2.770
53394642243   2.851
53394642244   3.050
53394643133   3.241
53394643134   3.291
53394643143   3.101
53394643144   3.251
53394643233   2.651
53394643234   1.501
53394643243   1.332
53394643244   2.812
53394641242   0.638
53394642131   1.289
53394642132   1.639
53394642141   2.139
53394642142   2.320
53394642231   2.690
53394642232   2.760
53394642241   2.910
53394642242   2.980
53394643131   3.201
53394643132   3.180
53394643141   3.051
53394643142   3.241
53394643231   2.671
53394643232   1.300
53394643241   2.091
53394643242   3.312
53394641224   0.858
53394642113   1.239
53394642114   1.739
53394642123   2.289
53394642124   2.369
53394642213   2.369
53394642214   2.409
53394642223   2.610
53394642224   2.770
53394643113   3.230
53394643114   3.130
53394643123   2.930
53394643124   2.960
53394643213   2.530
53394643214   1.650
53394643223   1.430
53394643224   2.201
53394641222   0.648
53394642111   0.998
53394642112   1.569
53394642121   2.169
53394642122   2.189
53394642211   2.379
53394642212   2.469
53394642221   2.299
53394642222   2.399
53394643111   2.799
53394643112   2.609
53394643121   2.789
53394643122   2.649
53394643211   1.899
53394643212   1.859
53394643221   1.889
53394631444   0.847
53394632333   1.198
53394632334   1.658
53394632343   2.178
53394632344   2.138
53394632433   2.248
53394632434   2.638
53394632443   2.208
53394632444   2.228
53394633333   2.318
53394633334   1.958
53394633343   2.458
53394633344   2.068
53394633433   1.458
53394633434   1.728
53394633443   2.218
53394631442   0.807
53394632331   1.217
53394632332   1.558
53394632341   2.048
53394632342   1.987
53394632431   1.587
53394632432   1.997
53394632441   2.056
53394632442   2.326
53394633331   2.286
53394633332   1.686
53394633341   2.006
53394633342   1.966
53394633431   1.436
53394633432   1.906
53394633441   2.308
53394631424   0.526
53394632313   1.086
53394632314   1.377
53394632323   1.947
53394632324   2.047
53394632413   1.857
53394632414   1.846
53394632423   1.965
53394632424   2.144
53394633313   2.014
53394633314   2.073
53394633323   2.133
53394633324   1.583
53394633413   1.583
53394633414   2.564
53394631421   0.165
53394631422   0.945
53394632311   0.936
53394632312   1.336
53394632321   1.926
53394632322   1.396
53394632411   1.205
53394632412   1.874
53394632421   1.783
53394632422   1.892
53394633311   1.821
53394633312   1.680
53394633321   1.818
53394633322   1.628
53394633411   1.760
53394633412   2.554
53394631243   0.265
53394631244   0.855
53394632133   0.754
53394632134   1.065
53394632143   1.515
53394632144   1.465
53394632233   1.043
53394632234   1.712
53394632243   1.561
53394632244   1.869
53394633133   1.657
53394633134   1.305
53394633143   1.934
53394633144   2.113
53394633233   1.833
53394631242   0.364
53394632131   1.182
53394632132   1.353
53394632141   0.953
53394632142   1.473
53394632231   1.620
53394632232   1.089
53394632241   1.037
53394632242   1.435
53394633131   1.420
53394633132   1.038
53394633141   1.438
53394633142   2.318
53394633231   2.413
53394632113   0.585
53394632114   0.319
53394632123   0.334
53394632124   0.213
53394632213   0.853
53394632214   0.691
53394632223   0.397
53394632224   1.316
53394633113   1.484
53394633114   1.161
53394633123   2.042
53394633124   2.852
53394631222   0.017
53394632111   0.559
53394632112   0.876
53394632121   0.855
53394632122   0.494
53394632211   0.521
53394632212   1.002
53394632221   0.701
53394632222   0.854
53394633111   1.474
53394633112   1.842
53394633121   2.438
53394633122   3.030
53394621444   0.211
53394622333   0.454
53394622334   0.743
53394622343   0.952
53394622344   0.821
53394622433   0.773
53394622434   0.768
53394622443   0.208
53394622444   0.479
53394623333   1.032
53394623334   1.538
53394623343   2.754
53394623344   2.113
53394621441   0.093
53394621442   0.184
53394622331   0.208
53394622332   0.437
53394622341   0.827
53394622342   0.727
53394622431   0.787
53394622432   0.310
53394622442   0.514
53394623331   1.344
53394623332   1.923
53394623341   3.122
53394623342   2.842
53394621423   0.463
53394621424   0.674
53394622313   0.484
53394622314   0.794
53394622323   0.983
53394622324   0.912
53394622413   0.761
53394622414   0.290
53394622423   0.413
53394622424   0.871
53394623313   1.651
53394623314   2.431
53394623323   3.071
53394623324   3.581
53394621412   0.140
53394621421   0.472
53394621422   0.393
53394622311   0.353
53394622312   0.632
53394622321   1.191
53394622322   1.219
53394622411   0.604
53394622412   0.752
53394622421   1.552
53394622422   1.461
53394623311   2.051
53394623312   2.711
53394623321   3.631
53394623322   3.861
53394621234   0.062
53394621243   0.057
53394622134   0.301
53394622143   0.729
53394622144   0.674
53394622233   0.564
53394622234   1.011
53394622243   1.551
53394622244   1.950
53394623133   2.420
53394623134   3.040
53394623143   3.820
53394623144   3.600
53394621232   0.163
53394621241   0.175
53394622141   0.212
53394622142   0.643
53394622231   0.679
53394622232   0.869
53394622241   1.280
53394622242   2.020
53394623131   2.480
53394623132   3.139
53394623141   3.539
53394623142   3.369
53394623231   3.529
53394621114   0.069
53394621214   0.071
53394622123   0.238
53394622124   0.717
53394622213   1.047
53394622214   0.958
53394622223   1.029
53394622224   1.599
53394623113   2.209
53394623114   3.139
53394623123   3.289
53394623124   3.279
53394623213   3.469
53394621112   0.359
53394621121   0.284
53394621122   0.076
53394621211   0.448
53394621212   0.960
53394622112   0.052
53394622121   0.203
53394622122   0.883
53394622211   1.104
53394622212   0.736
53394622221   0.727
53394622222   1.267
53394623111   2.298
53394623112   2.878
53394623121   3.058
53394623122   3.298
53394623211   3.158
53394623212   1.948
53394611333   0.385
53394611334   0.547
53394611343   0.443
53394611344   0.234
53394611433   0.232
53394611434   0.731
53394611443   0.535
53394612334   0.051
53394612343   0.230
53394612344   1.080
53394612433   1.172
53394612434   0.753
53394612443   0.815
53394612444   1.976
53394613333   2.467
53394613334   2.808
53394613343   2.928
53394613344   3.258
53394613433   3.418
53394613434   2.128
53394611331   0.272
53394611332   0.604
53394611341   0.673
53394611342   0.652
53394611431   0.173
53394611432   0.681
53394611441   1.276
53394611442   0.018
53394612341   0.184
53394612342   1.046
53394612431   1.169
53394612432   0.932
53394612441   1.364
53394612442   2.196
53394613331   2.616
53394613332   2.617
53394613341   2.848
53394613342   3.308
53394613431   3.198
53394613432   1.518
53394611313   0.240
53394611314   0.489
53394611323   0.508
53394611324   0.405
53394611413   0.365
53394611414   0.840
53394611423   0.800
53394611424   0.293
53394612313   0.269
53394612314   0.147
53394612323   0.303
53394612324   0.875
53394612413   0.558
53394612414   0.880
53394612423   1.923
53394612424   2.245
53394613313   2.776
53394613314   2.706
53394613323   2.497
53394613324   2.407
53394613413   2.908
53394613414   2.608
53394610422   0.051
53394611311   0.190
53394611312   0.444
53394611321   0.361
53394611322   0.059
53394611411   0.283
53394611412   0.601
53394611421   0.725
53394611422   0.293
53394612311   0.150
53394612312   0.273
53394612321   0.584
53394612322   1.165
53394612411   0.821
53394612412   1.045
53394612421   1.842
53394612422   2.344
53394613311   2.695
53394613312   2.806
53394613321   2.376
53394613322   2.447
53394613411   2.618
53394613412   2.998
53394611133   0.582
53394611134   0.474
53394611233   0.312
53394611234   0.313
53394611243   0.611
53394611244   0.393
53394612133   0.392
53394612134   0.476
53394612143   0.828
53394612144   1.147
53394612233   1.431
53394612234   1.250
53394612243   1.360
53394612244   2.323
53394613133   2.475
53394613134   2.886
53394613143   3.106
53394613144   2.487
53394613233   2.207
53394611131   0.648
53394611132   0.609
53394611141   0.460
53394611142   0.399
53394611231   0.328
53394611232   0.172
53394611241   0.237
53394611242   0.374
53394612131   0.488
53394612132   0.940
53394612141   1.184
53394612142   1.310
53394612231   1.876
53394612232   1.053
53394612241   1.277
53394612242   2.102
53394613131   2.454
53394613132   2.895
53394613141   3.176
53394613142   1.305
53394611113   0.765
53394611114   0.695
53394611123   0.628
53394611124   0.460
53394611213   0.661
53394611214   0.565
53394611223   0.119
53394611224   0.326
53394612113   0.837
53394612114   1.391
53394612123   1.953
53394612124   2.086
53394612213   1.758
53394612214   0.027
53394612223   0.960
53394612224   1.430
53394613113   1.913
53394613114   2.435
53394613123   2.866
53394613124   2.486
53394611111   0.550
53394611112   0.920
53394611121   0.512
53394611211   0.367
53394611212   0.553
53394611222   0.040
53394612111   1.361
53394612112   3.082
53394612121   2.362
53394612122   1.594
53394612211   1.446
53394612212   1.185
53394612221   1.089
53394612222   0.868
53394613111   1.751
53394613112   0.874
53394613121   1.656
53394613122   2.816
53394601333   0.483
53394601334   0.935
53394601343   0.146
53394602333   0.391
53394602334   3.652
53394602343   2.382
53394602344   1.021
53394602433   0.781
53394602434   0.909
53394602443   1.147
53394602444   0.849
53394603333   0.875
53394603334   0.078
53394603343   1.097
53394600442   0.066
53394601331   0.898
53394601332   0.931
53394601341   0.372
53394602331   0.152
53394602341   1.358
53394602342   0.872
53394602431   0.540
53394602432   1.101
53394602441   0.986
53394602442   0.877
53394603332   0.055
53394603341   2.275
53394600424   0.565
53394601313   1.096
53394601314   0.737
53394602313   2.519
53394602314   1.476
53394602323   0.568
53394602324   0.907
53394602413   1.360
53394602414   1.257
53394602423   1.279
53394602424   0.566
53394603323   2.353
53394600422   0.914
53394601311   1.344
53394601312   0.775
53394601321   0.265
53394602311   0.876
53394602312   0.162
53394602321   0.304
53394602322   0.422
53394602411   0.812
53394602412   1.176
53394602421   1.123
53394602422   0.011
53394603321   1.453
53394600243   0.201
53394600244   1.303
53394601133   1.624
53394601134   0.654
53394602133   0.160
53394602134   0.094
53394602143   0.055
53394602144   0.424
53394602233   0.471
53394602234   0.786
53394602243   0.440
53394603133   0.089
53394603134   0.291
53394603143   1.033
53394600241   0.241
53394600242   1.222
53394601131   1.193
53394601132   0.203
53394601241   0.071
53394601242   0.216
53394602131   0.731
53394602132   0.182
53394602141   0.373
53394602142   0.458
53394602231   0.473
53394602232   0.400
53394602241   1.328
53394602242   1.335
53394603131   1.345
53394600214   0.069
53394600223   0.364
53394600224   1.000
53394601113   0.961
53394601223   0.170
53394601224   1.353
53394602114   0.422
53394602123   0.842
53394602124   0.480
53394602213   0.816
53394602214   1.009
53394602223   1.501
53394602224   0.471
53394600212   0.428
53394600221   1.211
53394600222   1.028
53394601111   1.170
53394601212   1.815
53394601221   0.554
53394601222   1.614
53394602121   0.767
53394602122   0.650
53394602211   0.760
53394602212   0.711
53394602221   1.703
53393690434   0.415
53393690443   0.855
53393691333   0.180
53393691433   0.817
53393691434   1.292
53393691443   1.017
53393691444   1.113
53393692333   0.380
53393692334   0.543
53393692343   1.033
53393692344   0.691
53393692433   0.443
53393692434   0.841
53393690432   0.257
53393690441   0.342
53393691331   0.052
53393691431   1.004
53393691432   1.117
53393691441   0.974
53393691442   0.443
53393692331   0.742
53393692332   0.678
53393692341   1.077
53393692342   0.642
53393692431   0.438
53393692432   0.802
53393690414   0.179
53393690423   0.129
53393690424   0.105
53393691313   0.129
53393691324   0.231
53393691413   1.682
53393691414   0.980
53393692313   0.743
53393692314   0.134
53393692323   0.499
53393692324   0.677
53393692413   0.711
53393692414   1.725
53393690412   0.526
53393690421   0.391
53393691311   0.036
53393691322   0.111
53393691411   0.760
53393691412   0.681
53393691422   0.296
53393692312   0.348
53393692321   0.577
53393692322   0.785
53393692411   1.072
53393690234   0.664
53393690243   0.502
53393691234   0.372
53393691243   0.508
53393691244   1.155
53393692133   0.966
53393692134   0.993
53393692143   0.900
53393692144   1.656
53393692233   1.596
53393690232   0.468
53393690241   0.394
53393691231   0.400
53393691232   0.762
53393691241   0.802
53393691242   0.599
53393692131   0.755
53393692132   1.114
53393692141   1.287
53393692142   1.899
53393690214   0.478
53393690223   0.347
53393691213   0.235
53393691214   0.692
53393691223   0.735
53393691224   0.449
53393692113   0.304
53393692114   1.783
53393690212   0.262
53393690221   0.420
53393691212   0.208
53393691221   0.521
53393691222   0.344
53393692111   0.640
53393680434   0.223
53393680443   0.290
53393681443   0.101
53393681444   0.250
53393680432   0.039
53393680441   0.231
53393681442   0.166
53393680423   0.018
