53395539124   3.674
53395539122   4.044
53395529344   4.713
53395529433   4.153
53395529341   3.673
53395529342   4.693
53395529431   3.853
53395529323   3.843
53395529324   4.713
53395529413   4.003
53395529414   4.223
53395529312   2.373
53395529321   3.813
53395529322   4.613
53395529411   4.653
53395529412   5.013
53395529134   1.903
53395529143   4.193
53395529144   4.183
53395529233   4.363
53395529234   5.013
53395529243   5.123
53395529132   1.673
53395529141   4.163
53395529142   3.903
53395529231   3.753
53395529232   4.383
53395529241   4.423
53395529242   4.513
53395620131   4.283
53395529114   2.634
53395529123   3.683
53395529124   3.783
53395529213   3.563
53395529214   4.263
53395529223   4.223
53395529224   4.343
53395620113   4.003
53395620114   4.003
53395529121   3.164
53395529122   3.123
53395529211   3.153
53395529212   4.033
53395529221   3.953
53395529222   4.313
53395620111   3.453
53395620112   3.813
53395620121   4.013
53395519433   2.073
53395519434   3.703
53395519443   3.973
53395519444   4.133
53395610333   3.253
53395610334   3.173
53395610343   3.563
53395610344   3.763
53395610433   4.113
53395519441   3.403
53395519442   3.653
53395610331   3.313
53395610332   2.883
53395610341   3.403
53395610342   3.313
53395610431   3.373
53395610432   4.263
53395519424   0.033
53395610414   3.143
53395610423   4.543
53395519421   0.227
53395519422   0.149
53395610421   4.393
53395519243   0.666
53395519244   0.521
53395610133   0.362
53395610234   0.087
53395610243   3.893
53395519241   0.431
53395519242   0.574
53395610131   0.439
53395610132   0.549
53395610141   0.041
53395610142   0.043
53395610231   0.164
53395610232   1.016
53395610241   3.763
53395519223   0.093
53395519224   0.466
53395610113   0.448
53395610114   0.818
53395610123   0.944
53395610124   0.589
53395610213   0.670
53395610214   4.152
53395610223   3.812
53395610224   2.742
53395519221   0.220
53395519222   0.471
53395610111   0.526
53395610112   0.865
53395610121   1.182
53395610122   0.949
53395610211   4.102
53395610212   3.782
53395610221   3.432
53395610222   2.992
53395509443   0.106
53395509444   0.338
53395600333   0.615
53395600334   0.620
53395600343   0.291
53395600344   4.152
53395600433   4.242
53395600434   4.132
53395600443   3.902
53395600444   3.923
53395601333   3.833
53395509441   0.440
53395509442   0.628
53395600331   0.316
53395600332   0.202
53395600341   3.781
53395600342   3.442
53395600431   4.242
53395600432   4.262
53395600441   4.113
53395600442   4.233
53395601331   3.623
53395601332   3.084
53395509414   0.137
53395509423   0.533
53395509424   0.762
53395600313   0.435
53395600314   2.680
53395600323   2.221
53395600324   3.442
53395600413   4.402
53395600414   4.302
53395600423   4.293
53395600424   4.063
53395601313   3.824
53395601314   3.535
53395601323   3.916
53395509412   0.050
53395509421   0.465
53395509422   0.813
53395600312   2.780
53395600321   2.121
53395600322   3.862
53395600411   4.262
53395600412   4.312
53395600421   4.243
53395600422   4.173
53395601311   4.234
53395601312   4.075
53395601321   4.396
53395601322   4.487
53395603422   2.452
53395604311   2.562
53395604312   2.310
53395604321   2.069
53395600133   0.370
53395600134   0.251
53395600143   2.351
53395600144   3.662
53395600233   4.122
53395600234   4.292
53395600243   4.383
53395600244   4.403
53395601133   4.294
53395601134   4.296
53395601143   4.557
53395601144   4.809
53395601233   4.692
53395601234   4.492
53395603233   2.593
53395603234   3.416
53395603243   3.990
53395603244   4.175
53395604133   4.142
53395604134   3.819
53395604143   3.890
53395604144   3.029
53395604233   2.476
53395604234   1.174
53395600131   0.267
53395600132   0.109
53395600141   0.417
53395600142   0.930
53395600231   1.475
53395600232   3.932
53395600241   4.223
53395600242   4.043
53395601131   3.945
53395601132   3.776
53395601141   4.088
53395601142   4.229
53395601231   4.322
53395601232   4.963
53395601241   4.930
53395601242   4.962
53395602241   1.950
53395602242   1.910
53395603131   2.208
53395603132   3.209
53395603141   2.700
53395603142   1.762
53395603231   3.139
53395603232   3.937
53395603241   4.069
53395603242   4.044
53395604131   3.921
53395604132   3.659
53395604141   3.858
53395604142   3.673
53395604231   3.196
53395604232   3.081
53395604241   2.145
53395600113   0.307
53395600114   0.433
53395600123   0.151
53395600124   0.109
53395600214   0.211
53395600223   0.424
53395600224   0.409
53395601113   2.235
53395601114   2.496
53395601123   3.468
53395601124   3.640
53395601213   3.903
53395601214   4.460
53395601223   4.648
53395601224   4.688
53395602113   4.403
53395602114   4.485
53395602123   4.197
53395602124   4.339
53395602213   4.203
53395602214   3.033
53395602223   2.345
53395602224   2.528
53395603113   2.759
53395603114   3.631
53395603123   2.589
53395603124   2.712
53395603213   2.482
53395603214   3.735
53395603223   4.298
53395603224   4.114
53395604113   3.612
53395604114   3.650
53395604123   3.790
53395604124   3.809
53395604213   3.345
53395604214   3.853
53395604223   3.539
53395604224   2.609
53395509222   0.335
53395600111   0.765
53395600112   0.902
53395600121   0.556
53395600211   0.023
53395600212   0.293
53395600221   0.255
53395601111   0.186
53395601112   0.162
53395601121   0.192
53395601122   0.420
53395601211   0.444
53395601212   0.832
53395601221   0.874
53395601222   3.870
53395602111   3.595
53395602112   3.997
53395602121   3.378
53395602122   3.408
53395602211   3.264
53395602212   2.251
53395602221   1.728
53395602222   1.490
53395603111   1.890
53395603112   2.788
53395603121   1.583
53395603122   3.327
53395603211   2.374
53395603212   3.512
53395603221   4.085
53395603222   3.930
53395604111   3.647
53395604112   3.645
53395604121   3.705
53395604122   3.815
53395604211   2.938
53395604212   3.799
53395604221   4.216
53395604222   4.010
53395605111   2.884
53394599444   0.441
53394690333   0.517
53394690334   0.595
53394690343   0.370
53394690433   0.051
53394690434   0.543
53394690443   0.739
53394690444   0.549
53394691333   0.584
53394691334   0.101
53394691343   0.328
53394691433   0.335
53394691434   0.288
53394691443   0.377
53394691444   0.239
53394692333   0.337
53394692334   0.713
53394692343   0.305
53394693433   2.543
53394693434   2.429
53394693443   3.780
53394693444   4.118
53394694333   3.568
53394694334   3.627
53394694343   3.696
53394694344   3.584
53394694433   2.682
53394694434   3.460
53394694443   4.122
53394694444   4.346
53394695333   4.064
53394695334   2.424
53394599442   0.291
53394690331   0.251
53394690332   0.379
53394690341   0.244
53394690432   0.542
53394690441   0.738
53394690442   0.976
53394691331   0.723
53394691332   0.286
53394691342   0.664
53394691431   0.734
53394691432   0.528
53394691441   0.798
53394691442   0.189
53394692332   0.447
53394692341   0.219
53394693431   2.096
53394693432   2.394
53394693441   3.524
53394693442   3.895
53394694331   3.764
53394694332   3.775
53394694341   3.365
53394694342   2.895
53394694431   2.497
53394694432   2.215
53394694441   3.660
53394694442   3.998
53394695331   4.326
53394695332   3.282
53394690323   0.010
53394690413   0.025
53394690414   0.421
53394690423   0.379
53394690424   0.390
53394691313   0.363
53394691323   0.629
53394691324   0.863
53394691413   0.909
53394691414   0.988
53394691423   0.622
53394691424   0.478
53394692323   0.113
53394692324   0.015
53394693414   2.701
53394693423   3.022
53394693424   4.015
53394694313   4.153
53394694314   4.112
53394694323   3.412
53394694324   2.501
53394694413   2.387
53394694414   2.258
53394694423   4.345
53394694424   4.178
53394695313   4.196
53394695314   4.002
53394695323   2.602
53394690411   0.067
53394690412   0.353
53394690421   0.222
53394690422   0.031
53394691311   0.024
53394691321   0.543
53394691322   0.672
53394691411   1.010
53394691412   0.908
53394691421   0.530
53394691422   0.368
53394692321   0.060
53394693412   2.888
53394693421   2.560
53394693422   3.824
53394694311   4.034
53394694312   4.163
53394694321   3.713
53394694322   2.733
53394694411   3.170
53394694412   3.169
53394694421   4.840
53394694422   4.643
53394695311   4.133
53394695312   4.247
53394695321   3.361
53394695322   2.322
53394690234   0.217
53394690243   0.088
53394691143   0.338
53394691144   0.303
53394691233   0.893
53394691234   0.709
53394691243   0.446
53394691244   0.397
53394692133   0.224
53394692134   0.041
53394693234   2.988
53394693243   2.349
53394693244   3.229
53394694133   3.811
53394694134   3.812
53394694143   3.601
53394694144   2.940
53394694233   3.798
53394694234   3.971
53394694243   4.974
53394694244   4.704
53394695133   4.461
53394695134   4.494
53394695143   4.195
53394695144   3.074
53394691141   0.061
53394691142   0.093
53394691231   0.779
53394691232   0.585
53394691241   0.255
53394691242   0.307
53394692131   0.190
53394693142   3.300
53394693231   3.240
53394693232   2.854
53394693241   2.447
53394693242   3.070
53394694131   3.131
53394694132   3.331
53394694141   3.480
53394694142   3.150
53394694231   3.395
53394694232   3.988
53394694241   4.802
53394694242   4.550
53394695131   4.519
53394695132   4.589
53394695141   4.431
53394695142   3.983
53394691224   0.073
53394693124   3.251
53394693213   3.309
53394693214   2.971
53394693223   2.507
53394693224   3.241
53394694113   3.292
53394694114   3.099
53394694123   2.697
53394694124   3.070
53394694213   3.269
53394694214   3.838
53394694223   4.732
53394694224   4.608
53394695113   4.415
53394695114   4.661
53394695123   4.854
53394695124   4.488
53394695213   2.959
53394693122   3.074
53394693211   3.057
53394693212   2.752
53394693221   2.505
53394693222   2.480
53394694111   3.230
53394694112   3.329
53394694121   2.852
53394694122   3.738
53394694211   4.064
53394694212   4.202
53394694221   4.155
53394694222   4.163
53394695111   4.297
53394695112   4.903
53394695121   5.085
53394695122   4.554
53394695211   3.461
53394683344   2.964
53394683433   3.169
53394683434   2.887
53394683443   3.114
53394683444   2.881
53394684333   2.931
53394684334   2.883
53394684343   3.215
53394684344   4.569
53394684433   4.139
53394684434   4.051
53394684443   3.994
53394684444   3.609
53394685333   3.126
53394685334   3.684
53394685343   4.452
53394685344   4.450
53394685433   3.789
53394685434   1.471
53394683431   2.909
53394683432   3.114
53394683441   3.262
53394683442   3.181
53394684331   3.122
53394684332   2.580
53394684341   3.473
53394684342   5.307
53394684431   3.923
53394684432   3.413
53394684441   3.512
53394684442   3.093
53394685331   2.215
53394685332   2.252
53394685341   3.127
53394685342   4.253
53394685431   3.909
53394685432   1.265
53394683413   1.657
53394683414   2.641
53394683423   3.092
53394683424   3.282
53394684313   3.292
53394684314   2.691
53394684323   3.324
53394684324   3.954
53394684413   3.795
53394684414   3.301
53394684423   3.211
53394684424   2.712
53394685313   1.874
53394685323   0.880
53394685324   3.160
53394685413   3.130
53394683412   1.805
53394683421   2.623
53394683422   2.721
53394684311   2.572
53394684312   2.349
53394684321   3.290
53394684322   3.651
53394684411   3.230
53394684412   2.990
53394684421   2.633
53394684422   2.303
53394685322   2.220
53394685411   2.171
53394683244   1.752
53394684133   0.831
53394684134   2.061
53394684143   3.091
53394684144   2.894
53394684233   2.602
53394684234   2.252
