53395538422   0.201
53395538244   0.171
53395539133   0.601
53395539134   0.041
53395539143   0.371
53395539131   0.261
53395539132   0.731
53395539141   0.441
53395538224   0.106
53395539114   0.731
53395539123   0.661
53395539124   3.691
53395538222   0.257
53395539111   0.130
53395539112   0.501
53395539122   4.060
53395528444   0.082
53395529333   0.086
53395529334   0.401
53395529344   4.730
53395529433   4.170
53395528442   0.164
53395529331   0.068
53395529332   0.301
53395529341   3.690
53395529342   4.710
53395529431   3.870
53395528424   0.238
53395529313   0.256
53395529323   3.860
53395529324   4.730
53395529413   4.020
53395529414   4.240
53395528422   0.206
53395529312   2.390
53395529321   3.830
53395529322   4.630
53395529411   4.670
53395529412   5.030
53395528233   0.076
53395528234   0.223
53395528243   0.443
53395528244   0.480
53395529134   1.920
53395529143   4.210
53395529144   4.200
53395529233   4.380
53395529234   5.030
53395529243   5.140
53395528231   0.188
53395528232   0.035
53395528241   0.464
53395528242   0.433
53395529132   1.690
53395529141   4.180
53395529142   3.920
53395529231   3.770
53395529232   4.400
53395529241   4.440
53395529242   4.530
53395620131   4.300
53395528213   0.288
53395528214   0.158
53395528223   0.176
53395528224   0.467
53395529114   2.650
53395529123   3.700
53395529124   3.800
53395529213   3.580
53395529214   4.280
53395529223   4.240
53395529224   4.360
53395620113   4.020
53395620114   4.020
53395528211   0.328
53395528212   0.528
53395528221   0.389
53395528222   0.640
53395529111   0.165
53395529121   3.180
53395529122   3.140
53395529211   3.170
53395529212   4.050
53395529221   3.970
53395529222   4.330
53395620111   3.470
53395620112   3.830
53395620121   4.030
53395518434   0.358
53395518443   0.068
53395519333   0.478
53395519334   0.267
53395519343   0.371
53395519433   2.090
53395519434   3.720
53395519443   3.990
53395519444   4.150
53395610333   3.270
53395610334   3.190
53395610343   3.579
53395610344   3.779
53395610433   4.130
53395519331   0.508
53395519332   0.274
53395519341   0.135
53395519342   0.068
53395519432   1.543
53395519441   3.420
53395519442   3.670
53395610331   3.330
53395610332   2.900
53395610341   3.419
53395610342   3.329
53395610431   3.389
53395610432   4.279
53395518424   0.322
53395519313   0.532
53395519314   0.263
53395519323   0.094
53395519324   0.134
53395519414   0.404
53395519423   1.273
53395519424   1.924
53395610313   1.023
53395610314   0.764
53395610323   0.424
53395610324   1.194
53395610414   3.159
53395610423   4.559
53395519311   0.266
53395519312   0.412
53395519321   0.122
53395519322   0.227
53395519411   0.832
53395519412   1.473
53395519421   1.633
53395519422   1.484
53395610311   0.613
53395610312   0.614
53395610322   0.193
53395610412   0.031
53395610421   4.409
53395519133   0.232
53395519134   0.335
53395519143   0.015
53395519144   0.180
53395519233   0.732
53395519234   1.273
53395519243   1.964
53395519244   1.764
53395610133   1.534
53395610134   0.466
53395610234   0.131
53395610243   3.909
53395519131   0.346
53395519132   0.366
53395519142   0.066
53395519231   0.112
53395519232   1.113
53395519241   1.704
53395519242   1.744
53395610131   1.494
53395610132   1.447
53395610141   0.900
53395610142   0.805
53395610231   0.164
53395610232   1.057
53395610241   3.778
53395519113   0.203
53395519114   0.223
53395519214   0.773
53395519223   1.313
53395519224   1.533
53395610113   1.394
53395610114   1.677
53395610123   1.761
53395610124   1.364
53395610213   1.285
53395610214   4.168
53395610223   3.828
53395610224   2.758
53395519111   0.142
53395519112   0.141
53395519212   0.761
53395519221   1.252
53395519222   1.452
53395610111   1.424
53395610112   1.707
53395610121   1.991
53395610122   1.734
53395610211   4.117
53395610212   3.798
53395610221   3.448
53395610222   3.008
53395509333   0.087
53395509334   0.092
53395509434   0.717
53395509443   1.058
53395509444   1.259
53395600333   1.502
53395600334   1.457
53395600343   1.081
53395600344   4.167
53395600433   4.257
53395600434   4.148
53395600443   3.918
53395600444   3.938
53395601333   3.848
53395509331   0.279
53395509332   0.217
53395509432   0.854
53395509441   1.354
53395509442   1.535
53395600331   1.207
53395600332   0.917
53395600341   3.796
53395600342   3.457
53395600431   4.257
53395600432   4.278
53395600441   4.128
53395600442   4.248
53395601331   3.639
53395601332   3.099
53395509313   0.055
53395509314   0.322
53395509323   0.419
53395509324   0.606
53395509413   0.629
53395509414   1.071
53395509423   1.441
53395509424   1.660
53395600313   1.320
53395600314   2.695
53395600323   2.236
53395600324   3.457
53395600413   4.417
53395600414   4.318
53395600423   4.308
53395600424   4.078
53395601313   3.839
53395601314   3.550
53395601323   3.931
53395509312   0.143
53395509321   0.351
53395509322   0.547
53395509411   0.909
53395509412   0.990
53395509421   1.369
53395509422   1.705
53395600311   0.846
53395600312   2.795
53395600321   2.136
53395600322   3.877
53395600411   4.277
53395600412   4.328
53395600421   4.258
53395600422   4.189
53395601311   4.249
53395601312   4.091
53395601321   4.412
53395601322   4.503
53395603422   4.746
53395604311   4.828
53395604312   4.595
53395604321   4.410
53395509144   0.018
53395509233   0.719
53395509234   0.728
53395509243   0.360
53395509244   0.771
53395600133   0.952
53395600134   0.314
53395600143   2.366
53395600144   3.677
53395600233   4.137
53395600234   4.308
53395600243   4.398
53395600244   4.419
53395601133   4.310
53395601134   4.311
53395601143   4.573
53395601144   4.824
53395601233   4.708
53395601234   4.507
53395603233   4.885
53395603234   5.664
53395603243   6.246
53395603244   6.413
53395604133   6.377
53395604134   6.101
53395604143   6.218
53395604144   5.326
53395604233   4.771
53395604234   3.490
53395509231   0.299
53395509232   0.308
53395509241   0.044
53395509242   0.317
53395600131   0.872
53395600132   0.475
53395600141   0.465
53395600142   0.971
53395600231   1.518
53395600232   3.948
53395600241   4.238
53395600242   4.058
53395601131   3.960
53395601132   3.791
53395601141   4.103
53395601142   4.245
53395601231   4.338
53395601232   4.980
53395601241   4.963
53395601242   5.081
53395602241   3.366
53395602242   3.421
53395603131   3.942
53395603132   5.024
53395603141   4.623
53395603142   3.859
53395603231   5.374
53395603232   6.170
53395603241   6.298
53395603242   6.290
53395604131   6.171
53395604132   5.945
53395604141   6.185
53395604142   5.937
53395604231   5.467
53395604232   5.339
53395604241   4.395
53395509214   0.068
53395509224   0.582
53395600113   1.165
53395600114   1.266
53395600123   0.711
53395600124   0.137
53395600213   0.031
53395600214   0.228
53395600223   0.430
53395600224   0.501
53395601113   2.250
53395601114   2.512
53395601123   3.484
53395601124   3.655
53395601213   3.919
53395601214   4.477
53395601223   4.668
53395601224   4.788
53395602113   4.592
53395602114   4.711
53395602123   4.498
53395602124   4.715
53395602213   4.662
53395602214   3.681
53395602223   3.550
53395602224   4.031
53395603113   4.491
53395603114   5.431
53395603123   4.514
53395603124   4.793
53395603213   4.690
53395603214   5.956
53395603223   6.525
53395603224   6.371
53395604113   5.886
53395604114   5.941
53395604123   6.094
53395604124   6.091
53395604213   5.618
53395604214   6.121
53395604223   5.778
53395604224   4.858
53395509212   0.063
53395509221   0.339
53395509222   1.251
53395600111   1.641
53395600112   1.755
53395600121   1.372
53395600122   0.580
53395600211   0.751
53395600212   0.913
53395600221   0.740
53395601111   0.205
53395601112   0.181
53395601121   0.289
53395601122   0.649
53395601211   0.787
53395601212   1.185
53395601221   1.225
53395601222   3.952
53395602111   3.733
53395602112   4.216
53395602121   3.677
53395602122   3.785
53395602211   3.720
53395602212   2.893
53395602221   2.837
53395602222   3.000
53395603111   3.628
53395603112   4.586
53395603121   3.571
53395603122   5.410
53395603211   4.603
53395603212   5.732
53395603221   6.319
53395603222   6.197
53395604111   5.941
53395604112   5.920
53395604121   5.992
53395604122   6.099
53395604211   5.200
53395604212   6.045
53395604221   6.510
53395604222   6.268
53395605111   5.130
53394599443   0.737
53394599444   1.377
53394690333   1.406
53394690334   1.459
53394690343   1.210
53394690344   0.704
53394690433   0.782
53394690434   1.212
53394690443   1.389
53394690444   1.194
53394691333   1.212
53394691334   0.644
53394691343   0.712
53394691344   1.068
53394691433   0.926
53394691434   0.735
53394691443   0.823
53394691444   0.680
53394692333   1.001
53394692334   1.408
53394692343   1.009
53394692344   0.488
53394692433   1.865
53394692434   1.475
53394692443   1.295
53394692444   1.185
53394693333   1.536
53394693334   0.824
53394693343   0.645
53394693344   2.485
53394693433   4.815
53394693434   4.667
53394693443   6.023
53394693444   6.387
53394694333   5.837
53394694334   5.893
53394694343   5.955
53394694344   5.852
53394694433   4.938
53394694434   5.757
53394694443   6.435
53394694444   6.593
53394695333   6.310
53394695334   4.684
53394599441   0.946
53394599442   1.285
53394690331   1.163
53394690332   1.253
53394690341   1.098
53394690342   0.708
53394690431   0.710
53394690432   1.224
53394690441   1.401
53394690442   1.624
53394691331   1.359
53394691332   0.914
53394691341   1.231
53394691342   2.018
53394691431   2.086
53394691432   1.874
53394691441   2.123
53394691442   1.492
53394692331   0.100
53394692332   1.147
53394692341   0.947
53394692342   0.715
53394692431   2.474
53394692432   2.606
53394692441   2.535
53394692442   2.465
53394693331   2.395
53394693332   1.906
53394693341   1.826
53394693342   1.658
53394693431   4.352
53394693432   4.637
53394693441   5.812
53394693442   6.182
53394694331   6.037
53394694332   6.019
53394694341   5.625
53394694342   5.141
53394694431   4.806
53394694432   4.652
53394694441   6.048
53394694442   6.243
53394695331   6.561
53394695332   5.536
53394599423   1.015
53394599424   1.075
53394690313   0.871
53394690314   0.856
53394690323   0.915
53394690324   0.693
53394690413   0.819
53394690414   1.140
53394690423   1.057
53394690424   1.041
53394691313   1.000
53394691314   1.247
53394691323   2.000
53394691324   2.228
53394691413   2.276
53394691414   2.354
53394691423   1.983
53394691424   1.851
53394692313   0.046
53394692314   0.557
53394692323   1.106
53394692324   1.686
53394692413   2.605
53394692414   2.595
53394692423   2.354
53394692424   2.365
53394693313   2.875
53394693314   3.275
53394693323   2.868
53394693324   1.871
53394693413   2.216
53394693414   5.020
53394693423   5.370
53394693424   6.325
53394694313   6.456
53394694314   6.374
53394694323   5.655
53394694324   4.732
53394694413   4.779
53394694414   4.758
53394694423   6.642
53394694424   6.421
53394695313   6.444
53394695314   6.256
53394695323   4.866
53394599421   0.335
53394599422   0.734
53394690311   0.470
53394690312   0.452
53394690321   0.523
53394690322   0.455
53394690411   1.008
53394690412   1.145
53394690421   0.974
53394690422   0.706
53394691311   0.681
53394691312   1.105
53394691321   1.920
53394691322   2.047
53394691411   2.385
53394691412   2.284
53394691421   1.911
53394691422   1.778
53394692311   1.490
53394692312   1.367
53394692321   2.037
53394692322   2.405
53394692411   2.635
53394692412   2.516
53394692421   2.115
53394692422   2.215
53394693311   2.885
53394693312   3.416
53394693321   3.317
53394693322   2.632
53394693411   2.935
53394693412   5.292
53394693421   4.938
53394693422   6.142
53394694311   6.330
53394694312   6.443
53394694321   5.978
53394694322   4.975
53394694411   5.542
53394694412   5.430
53394694421   7.053
53394694422   6.894
53394695311   6.380
53394695312   6.498
53394695321   5.616
53394695322   4.595
53394690133   0.030
53394690143   0.170
53394690233   0.899
53394690234   1.099
53394690243   1.028
53394690244   0.990
53394691133   0.907
53394691134   1.224
53394691143   1.730
53394691144   1.687
53394691233   2.275
53394691234   2.093
53394691243   1.850
53394691244   1.886
53394692133   1.940
53394692134   1.957
53394692143   2.206
53394692144   2.365
53394692233   2.605
53394692234   2.476
53394692243   2.355
53394692244   2.455
53394693133   2.765
53394693134   3.196
53394693143   3.338
53394693144   2.960
53394693233   2.955
53394693234   5.406
53394693243   4.765
53394693244   5.532
53394694133   6.086
53394694134   6.072
53394694143   5.843
53394694144   5.184
53394694233   6.058
53394694234   6.231
53394694243   7.204
53394694244   6.942
53394695133   6.698
53394695134   6.735
53394695143   6.451
53394695144   5.333
53394690232   0.716
53394690241   0.785
53394690242   0.785
53394691131   0.974
53394691132   1.294
53394691141   1.520
53394691142   1.486
53394691231   2.164
53394691232   1.972
53394691241   1.677
53394691242   1.873
53394692131   2.069
53394692132   1.956
53394692141   2.015
53394692142   2.225
53394692231   2.306
53394692232   2.334
53394692241   2.384
53394692242   2.504
53394693131   2.836
53394693132   3.225
53394693141   2.786
53394693142   6.317
53394693231   6.080
53394693232   5.406
53394693241   4.803
53394693242   5.382
53394694131   5.397
53394694132   5.603
53394694141   5.735
53394694142   5.365
53394694231   5.643
53394694232   6.328
53394694241   7.032
53394694242   6.796
53394695131   6.749
53394695132   6.835
53394695141   6.693
53394695142   6.244
53394690223   0.193
53394690224   0.121
53394691113   0.359
53394691114   0.853
53394691123   1.050
53394691124   0.817
53394691213   1.094
53394691214   1.331
53394691223   1.405
53394691224   1.801
53394692113   1.928
53394692114   1.686
53394692123   1.735
53394692124   1.684
53394692213   1.584
53394692214   1.774
53394692223   2.204
53394692224   2.324
53394693113   2.675
53394693114   2.769
53394693123   1.580
53394693124   6.395
53394693213   5.891
53394693214   5.375
53394693223   4.854
53394693224   5.529
53394694113   5.538
53394694114   5.363
53394694123   4.956
53394694124   5.362
53394694213   5.691
53394694214   6.169
53394694223   6.970
53394694224   6.840
53394695113   6.660
53394695114   6.916
53394695123   7.100
53394695124   6.729
53394695213   5.207
53394691112   0.252
53394691121   0.321
53394691211   0.020
53394691212   0.310
53394691221   0.781
53394691222   1.349
53394692111   1.447
53394692112   1.353
53394692121   1.352
53394692122   1.222
53394692211   1.072
53394692212   1.132
53394692221   1.523
53394692222   1.713
53394693111   2.164
53394693112   2.255
53394693121   1.758
53394693122   6.445
53394693211   5.554
53394693212   5.319
53394693221   4.842
53394693222   4.749
53394694111   5.483
53394694112   5.568
53394694121   5.094
53394694122   6.082
53394694211   6.487
53394694212   6.412
53394694221   6.372
53394694222   6.388
53394695111   6.545
53394695112   7.157
53394695121   7.335
53394695122   6.812
53394695211   5.715
53394681434   0.059
53394681443   0.399
53394681444   1.027
53394682333   1.343
53394682334   1.520
53394682343   1.298
53394682344   0.997
53394682433   0.917
53394682434   0.877
53394682443   1.168
53394682444   1.338
53394683333   1.246
53394683334   2.364
53394683343   2.178
53394683344   6.346
53394683433   5.587
53394683434   5.545
53394683443   5.437
53394683444   5.161
53394684333   5.170
53394684334   5.129
53394684343   5.458
53394684344   6.858
53394684433   6.442
53394684434   6.283
53394684443   6.228
53394684444   5.842
53394685333   5.399
53394685334   6.017
53394685343   6.802
53394685344   6.789
53394685433   6.066
53394685434   3.716
53394681442   0.494
53394682331   0.929
53394682332   1.524
53394682341   1.141
53394682342   0.918
53394682431   0.748
53394682432   0.558
53394682441   0.875
53394682442   1.148
53394683341   0.269
53394683342   1.822
53394683431   5.299
53394683432   5.578
53394683441   5.700
53394683442   5.487
53394684331   5.392
53394684332   4.841
53394684341   5.719
53394684342   7.579
53394684431   6.260
53394684432   5.695
53394684441   5.771
53394684442   5.393
53394685331   4.480
53394685332   4.594
53394685341   5.422
53394685342   6.547
53394685431   6.169
53394685432   3.505
53394682313   0.563
53394682314   1.328
53394682323   1.199
53394682324   0.952
53394682413   0.609
53394682414   0.373
53394682423   0.593
53394682424   1.075
53394683313   0.125
53394683324   0.305
53394683413   4.122
53394683414   4.971
53394683423   5.342
53394683424   5.577
53394684313   5.559
53394684314   4.936
53394684323   5.580
53394684324   6.274
53394684413   6.051
53394684414   5.569
53394684423   5.456
53394684424   4.950
53394685313   4.108
53394685314   2.082
53394685323   3.122
53394685324   5.402
53394685413   5.374
53394685414   0.446
53394682311   0.106
53394682312   0.747
53394682321   1.344
53394682322   1.016
53394682411   0.552
53394682412   0.491
53394682421   0.521
53394682422   0.911
53394683322   1.194
53394683411   0.428
53394683412   4.209
53394683421   4.977
53394683422   4.991
53394684311   4.832
53394684312   4.621
53394684321   5.611
53394684322   5.945
53394684411   5.483
53394684412   5.233
53394684421   4.883
53394684422   4.560
53394685311   1.295
53394685312   0.254
53394685321   0.371
53394685322   4.458
53394685411   4.413
53394685412   0.417
53394682134   0.344
53394682143   0.940
53394682144   1.008
53394682233   0.697
53394682234   0.705
53394682243   0.578
53394682244   1.098
53394683143   1.953
53394683144   1.634
53394683234   0.216
53394683243   1.889
53394683244   4.028
53394684133   3.125
53394684134   4.326
53394684143   5.387
53394684144   5.148
53394684233   4.856
53394684234   4.503
53394684243   1.604
53394684244   2.833
53394685133   2.663
53394685134   2.213
53394685143   2.023
53394685144   1.433
53394685233   0.208
53394685234   1.135
53394685243   0.458
53394682132   0.036
53394682141   0.674
53394682142   1.001
53394682231   0.809
53394682232   0.816
53394682241   0.772
53394682242   1.063
53394683131   0.689
53394683132   2.533
53394683141   2.163
53394683142   2.014
53394683231   0.124
53394683232   0.405
53394683241   1.807
53394683242   2.337
53394684131   1.246
53394684132   2.177
53394684141   2.398
53394684142   2.182
53394684231   1.921
53394684232   1.561
53394684241   1.542
53394684242   3.282
53394685131   3.343
53394685132   3.333
53394685141   2.662
53394685142   1.483
53394685231   0.154
53394685232   0.235
53394685241   0.854
53394682114   0.122
53394682123   0.587
53394682124   1.091
53394682213   0.998
53394682214   0.976
53394682223   0.972
53394682224   1.257
53394683113   3.752
53394683114   3.122
53394683123   2.443
53394683124   2.414
53394683213   2.054
53394683214   1.355
53394683223   1.956
53394683224   1.917
53394684113   1.936
53394684114   2.206
53394684123   1.538
53394684124   1.351
53394684213   1.571
53394684214   1.711
53394684223   2.641
53394684224   3.192
53394685113   2.773
53394685114   3.103
53394685123   2.833
53394685124   1.972
53394685213   0.138
53394685214   0.066
53394685223   1.007
53394682112   0.318
53394682121   0.346
53394682122   0.728
53394682211   1.026
53394682212   1.211
53394682221   1.065
53394682222   1.179
53394683111   1.992
53394683112   2.383
53394683121   2.473
53394683122   2.404
53394683211   2.064
53394683212   1.645
53394683221   2.396
53394683222   2.036
53394684111   2.257
53394684112   2.407
53394684121   1.817
53394684122   1.371
53394684211   1.700
53394684212   2.501
53394684221   2.932
53394684222   2.462
53394685111   2.232
53394685112   2.113
53394685121   2.603
53394685122   2.152
53394685211   0.032
53394685221   0.768
53394685222   0.030
53394672334   0.301
53394672343   0.474
53394672344   0.456
53394672433   0.891
53394672434   1.165
53394672443   1.158
53394672444   1.120
53394673333   1.722
53394673334   2.103
53394673343   2.163
53394673344   2.174
53394673433   1.764
53394673434   1.585
53394673443   2.036
53394673444   2.056
53394674333   2.396
53394674334   2.856
53394674343   2.230
53394674344   1.940
53394674433   1.970
53394674434   2.721
53394674443   3.141
53394674444   2.481
53394675333   2.391
53394675334   1.642
53394675343   2.093
53394675344   2.183
53394675433   0.017
53394675443   0.628
53394675444   0.383
53394672332   0.075
53394672341   0.468
53394672342   0.542
53394672431   1.025
53394672432   1.387
53394672441   1.509
53394672442   1.491
53394673331   1.722
53394673332   1.893
53394673341   1.783
53394673342   1.914
53394673431   2.045
53394673432   1.825
53394673441   2.106
53394673442   2.436
53394674331   2.517
53394674332   2.856
53394674341   2.270
53394674342   2.240
53394674431   2.400
53394674432   2.610
53394674441   2.571
53394674442   1.941
53394675331   1.571
53394675332   1.382
53394675341   1.673
53394675431   0.016
53394675441   0.667
53394675442   0.268
53394672323   0.171
53394672324   0.544
53394672413   0.927
53394672414   1.658
53394672423   1.670
53394672424   1.631
53394673313   1.762
53394673314   1.743
53394673323   1.834
53394673324   2.014
53394673413   2.125
53394673414   1.836
53394673423   2.256
53394673424   2.416
53394674313   2.776
53394674314   2.747
53394674323   2.270
53394674324   2.420
53394674413   2.710
53394674414   2.780
53394674423   2.621
53394674424   1.740
53394675313   0.811
53394675314   1.371
53394675323   1.561
53394675423   0.556
53394675424   0.309
53394676313   0.306
53394672322   0.212
53394672411   0.542
53394672412   1.503
53394672421   1.391
53394672422   1.622
53394673311   1.742
53394673312   1.653
53394673321   1.696
53394673322   1.845
53394673411   2.105
53394673412   1.676
53394673421   2.536
53394673422   2.566
53394674311   2.716
53394674312   2.499
53394674321   2.399
53394674322   2.620
53394674411   2.710
53394674412   2.681
53394674421   2.660
53394674422   1.940
53394675311   1.840
53394675312   2.001
53394675412   0.705
53394675421   0.672
53394675422   0.677
53394676311   0.715
53394672144   0.213
53394672233   0.203
53394672234   1.093
53394672243   1.504
53394672244   1.524
53394673133   1.575
53394673134   1.595
53394673143   1.569
53394673144   1.525
53394673233   1.845
53394673234   1.666
53394673243   2.516
53394673244   2.616
53394674133   2.508
53394674134   2.511
53394674143   2.619
53394674144   2.610
53394674233   2.380
53394674234   2.330
53394674243   2.940
53394674244   2.710
53394675133   2.280
53394675233   0.612
53394675234   0.763
53394675243   0.705
53394675244   0.884
53394676133   0.964
53394676134   0.613
53394672142   0.253
53394672231   0.073
53394672232   0.694
53394672241   1.294
53394672242   1.354
53394673131   1.265
53394673132   1.415
53394673141   1.435
53394673142   1.316
53394673231   1.087
53394673232   1.938
53394673241   3.209
53394673242   2.539
53394674131   2.539
53394674132   2.559
53394674141   2.509
53394674142   2.610
53394674231   2.510
53394674232   2.360
53394674241   2.629
53394674242   2.430
53394675131   1.960
53394675231   0.721
53394675232   0.762
53394675241   0.703
53394675242   0.833
53394676131   0.853
53394676132   0.612
53394676141   0.162
53394672124   0.043
53394672214   0.564
53394672223   1.134
53394672224   1.164
53394673113   0.965
53394673114   1.225
53394673123   1.266
53394673124   1.186
53394673213   0.287
53394673214   1.629
53394673223   2.389
53394673224   2.569
53394674113   2.609
53394674114   2.559
53394674123   2.559
53394674124   2.539
53394674213   1.669
53394674214   2.060
53394674223   1.829
53394674224   2.039
53394675113   1.810
53394675124   0.120
53394675213   0.640
53394675214   0.660
53394675223   0.691
53394675224   0.652
53394676113   0.601
53394676114   0.599
53394672211   0.154
53394672212   0.454
53394672221   0.854
53394672222   1.184
53394673111   0.935
53394673112   1.036
53394673121   1.076
53394673122   0.927
53394673211   0.628
53394673212   1.389
53394673221   1.659
53394673222   2.489
53394674111   2.419
53394674112   2.389
53394674121   2.679
53394674122   2.599
53394674211   2.369
53394674212   2.369
53394674221   2.309
53394674222   1.650
53394675111   1.500
53394675211   0.617
53394675212   0.677
53394675221   0.569
53394675222   0.400
53394676111   0.307
53394676112   0.563
53394676122   1.436
53394662434   0.324
53394662443   0.635
53394662444   0.894
53394663334   0.927
53394663343   0.887
53394663344   0.878
53394663433   1.408
53394663434   1.669
53394663443   1.209
53394663444   2.209
53394664333   2.449
53394664334   2.359
53394664343   2.389
53394664344   2.469
53394664433   2.599
53394664434   2.599
53394664443   2.819
53394664444   1.509
53394665333   1.560
53394665433   0.533
53394665434   0.613
53394665443   0.324
53394665444   0.123
53394666333   0.273
53394666334   0.471
53394666343   0.215
53394666344   0.136
53394662441   0.164
53394662442   0.375
53394663331   0.227
53394663332   0.638
53394663341   0.848
53394663342   1.388
53394663431   1.548
53394663432   1.899
53394663441   1.429
53394663442   1.439
53394664331   2.300
53394664332   2.419
53394664341   2.199
53394664342   2.229
53394664431   2.449
53394664432   2.749
53394664441   2.519
53394664442   1.829
53394665331   1.820
53394665342   0.138
53394665431   0.425
53394665432   0.536
53394665441   0.253
53394665442   0.173
53394666331   0.322
53394666332   0.332
53394666341   0.182
53394666342   0.455
53394666431   0.329
53394662424   0.136
53394663313   0.348
53394663314   0.638
53394663323   1.298
53394663324   1.578
53394663413   1.479
53394663414   1.779
53394663423   1.659
53394663424   1.259
53394664313   1.820
53394664314   1.929
53394664323   1.750
53394664324   2.019
53394664413   2.549
53394664414   2.719
53394664423   2.549
53394664424   2.139
53394665313   2.100
53394665324   0.325
53394665413   0.478
53394665414   0.458
53394665423   0.297
53394665424   0.228
53394666313   0.300
53394666314   0.079
53394666324   0.155
53394666413   0.397
53394666414   0.450
53394666423   0.089
53394663311   0.909
53394663312   1.288
53394663321   1.329
53394663322   1.558
53394663411   1.498
53394663412   1.689
53394663421   0.979
53394663422   0.999
53394664311   0.979
53394664312   1.939
53394664321   1.789
53394664322   2.139
53394664411   2.549
53394664412   2.649
53394664421   2.369
53394664422   1.769
53394665311   1.610
53394665322   0.342
53394665411   0.361
53394665412   0.196
53394665421   0.380
53394665422   0.419
53394666311   0.370
53394666312   0.042
53394666322   0.300
53394666411   0.150
53394666412   0.497
53394666421   0.186
53394662244   0.038
53394663133   1.389
53394663134   1.828
53394663143   1.618
53394663144   1.509
53394663233   1.699
53394663234   1.789
53394663243   0.689
53394663244   0.579
53394664133   0.979
53394664134   1.729
53394664143   1.899
53394664144   2.119
53394664233   2.629
53394664234   2.539
53394664243   2.309
53394664244   1.569
53394665144   0.227
53394665233   0.248
53394665234   0.220
53394665243   0.445
53394665244   0.246
53394666133   0.207
53394666143   0.206
53394666144   0.426
53394666233   0.306
53394666234   0.616
53394666243   0.516
53394662242   0.188
53394663131   1.579
53394663132   1.909
53394663141   1.768
53394663142   1.639
53394663231   1.779
53394663232   1.719
53394663241   1.079
53394663242   1.129
53394664131   1.399
53394664132   1.569
53394664141   1.709
53394664142   2.119
53394664231   2.689
53394664232   2.599
53394664241   2.389
53394664242   1.729
53394665142   0.061
53394665231   0.290
53394665232   0.270
53394665241   0.319
53394665242   0.230
53394666131   0.114
53394666132   0.388
53394666141   0.456
53394666142   0.616
53394666231   0.776
53394666232   0.846
53394666241   0.736
53394666242   0.376
53394662224   0.629
53394663113   1.549
53394663114   1.799
53394663123   1.879
53394663124   1.739
53394663213   1.919
53394663214   1.979
53394663223   1.549
53394663224   1.759
53394664113   1.949
53394664114   1.789
53394664123   1.779
53394664124   2.119
53394664213   2.679
53394664214   2.709
53394664223   2.249
53394664224   2.049
53394665124   0.116
53394665213   0.138
53394665214   0.263
53394665223   0.485
53394665224   0.305
53394666113   0.245
53394666114   0.367
53394666123   0.625
53394666124   0.515
53394666213   0.795
53394666214   0.706
53394666223   0.546
53394666224   0.556
53394667113   0.276
53394662222   0.939
53394663111   1.659
53394663112   1.679
53394663121   1.869
53394663122   2.049
53394663211   2.019
53394663212   1.649
53394663221   1.669
53394663222   1.979
53394664111   1.989
53394664112   1.749
53394664121   1.519
53394664122   1.869
53394664211   2.479
53394664212   2.069
53394664221   1.779
53394664222   2.179
53394665121   0.016
53394665122   0.036
53394665212   0.357
53394665221   0.443
53394665222   0.267
53394666111   0.480
53394666112   0.445
53394666121   0.765
53394666122   0.895
53394666211   0.925
53394666212   0.715
53394666221   0.125
53394666222   0.666
53394667111   0.576
53394667112   0.076
53394652443   0.068
53394652444   1.399
53394653333   1.698
53394653334   1.679
53394653343   1.669
53394653344   1.909
53394653433   1.969
53394653434   1.839
53394653443   1.769
53394653444   1.969
53394654333   1.969
53394654334   1.419
53394654343   1.559
53394654344   0.919
53394654433   1.779
53394654434   1.069
53394654443   1.419
53394654444   2.219
53394655434   0.225
53394655443   0.372
53394655444   0.265
53394656333   0.526
53394656334   0.724
53394656343   0.904
53394656344   0.874
53394656433   0.745
53394656434   0.555
53394656443   0.225
53394656444   0.136
53394657334   0.316
53394652441   0.879
53394652442   1.429
53394653331   1.659
53394653332   1.599
53394653341   1.629
53394653342   1.639
53394653431   1.909
53394653432   1.909
53394653441   1.919
53394653442   2.039
53394654331   1.509
53394654332   0.539
53394654341   1.229
53394654342   0.059
53394654431   1.139
53394654432   0.639
53394654441   1.859
53394655432   0.209
53394655441   0.211
53394655442   0.246
53394656331   0.624
53394656332   0.883
53394656341   0.913
53394656342   0.614
53394656431   0.474
53394656432   0.335
53394656441   0.405
53394652423   1.029
53394652424   1.449
53394653313   1.659
53394653314   1.659
53394653323   1.689
53394653324   1.529
53394653413   1.559
53394653414   1.719
53394653423   1.829
53394653424   1.849
53394654313   1.209
53394654314   0.329
53394654323   0.569
53394654414   0.639
53394654423   2.309
53394655324   0.169
53394655413   0.339
53394655414   0.330
53394655423   0.159
53394655424   0.393
53394656313   0.692
53394656314   0.852
53394656323   0.812
53394656324   0.551
53394656413   0.382
53394652412   0.099
53394652421   1.089
53394652422   1.459
53394653311   1.609
53394653312   1.519
53394653321   1.679
53394653322   1.549
53394653411   1.619
53394653412   1.649
53394653421   1.909
53394653422   1.619
53394654311   0.939
53394654312   0.519
53394654321   0.639
53394654412   0.719
53394655321   0.029
53394655322   0.039
53394655411   0.158
53394655412   0.218
53394655421   0.114
53394655422   0.442
53394656311   0.611
53394656312   0.790
53394656321   0.729
53394656322   0.559
53394656411   0.288
53394652234   0.609
53394652243   1.039
53394652244   1.469
53394653133   1.769
53394653134   1.739
53394653143   1.519
53394653144   1.399
53394653233   1.549
53394653234   1.559
53394653243   1.489
53394653244   0.959
53394654133   0.309
53394654134   0.409
53394654143   0.328
53394655233   0.135
53394655234   0.255
53394655243   0.063
53394655244   0.221
53394656133   0.519
53394656134   0.708
53394656143   0.736
53394656144   0.545
53394656233   0.340
53394657143   0.178
53394657144   0.478
53394652232   0.539
53394652241   0.719
53394652242   1.349
53394653131   1.699
53394653132   1.729
53394653141   1.599
53394653142   1.379
53394653231   1.459
53394653232   1.609
53394653241   1.289
53394653242   0.809
53394654132   0.228
53394654141   0.078
53394655142   0.181
53394655231   0.161
53394655232   0.182
53394656131   0.285
53394656132   0.564
53394656141   0.702
53394656142   0.369
53394656231   0.503
53394657141   0.528
53394657142   1.208
53394657231   1.128
53394657232   0.788
53394657241   0.068
53394652213   0.519
53394652214   0.679
53394652223   0.659
53394652224   1.219
53394653113   1.649
53394653114   1.749
53394653123   1.519
53394653124   1.529
53394653213   1.379
53394653214   1.529
53394653223   1.678
53394653224   0.218
53394654123   0.016
53394655213   0.239
53394655214   0.138
53394655223   0.055
53394655224   0.192
53394656113   0.381
53394656114   0.499
53394656123   0.576
53394656124   0.369
53394656213   0.687
53394656214   0.244
53394657123   0.688
53394657124   1.268
53394657213   1.288
53394657214   1.148
53394657223   0.198
53394657224   0.108
53394652211   0.659
53394652212   0.779
53394652221   0.849
53394652222   1.259
53394653111   1.439
53394653112   1.719
53394653121   1.429
53394653122   1.339
53394653211   1.169
53394653212   1.179
53394653221   0.779
53394654121   0.044
53394655211   0.178
53394655212   0.297
53394655221   0.266
53394655222   0.242
53394656111   0.299
53394656112   0.432
53394656121   0.496
53394656122   0.472
53394656211   0.591
53394656212   0.197
53394656221   0.252
53394657122   0.688
53394657211   1.378
53394657212   1.158
53394657221   0.798
53394657222   0.328
53394642344   0.319
53394642433   0.699
53394642434   0.819
53394642443   0.929
53394642444   0.849
53394643333   1.229
53394643334   1.539
53394643343   1.329
53394643344   1.119
53394643433   0.839
53394643434   0.419
53394645433   0.167
53394645434   0.267
53394645443   0.256
53394646334   0.382
53394646343   0.567
53394646344   0.454
53394646433   0.463
53394646434   0.162
53394646443   0.172
53394646444   0.409
53394647333   0.398
53394647334   0.338
53394647343   0.038
53394647433   0.908
53394647434   1.478
53394647443   1.158
53394647444   0.898
53394648333   0.548
53394642342   0.579
53394642431   0.679
53394642432   0.709
53394642441   0.829
53394642442   0.819
53394643331   1.069
53394643332   1.409
53394643341   1.209
53394643342   1.179
53394643431   0.909
53394643432   0.199
53394646332   0.244
53394646341   0.792
53394646342   0.709
53394646431   0.565
53394646432   0.547
53394646441   0.551
53394646442   0.729
53394647331   0.958
53394647332   1.758
53394647341   1.188
53394647431   1.068
53394647432   1.438
53394647441   1.508
53394647442   1.248
53394648331   0.817
53394648332   0.507
53394642323   0.599
53394642324   0.749
53394642413   0.709
53394642414   0.729
53394642423   1.069
53394642424   1.419
53394643313   1.419
53394643314   1.209
53394643323   1.409
53394643324   1.399
53394643413   1.049
53394643414   0.109
53394646314   0.059
53394646323   0.829
53394646324   0.807
53394646413   0.863
53394646414   0.966
53394646423   0.861
53394646424   1.159
53394647313   1.418
53394647314   1.247
53394647323   0.014
53394647413   1.288
53394647414   1.248
53394647423   1.458
53394647424   1.418
53394648313   1.157
53394648314   0.707
53394642321   0.889
53394642322   0.789
53394642411   0.699
53394642412   1.019
53394642421   1.049
53394642422   1.149
53394643311   1.519
53394643312   1.319
53394643321   1.478
53394643322   1.679
53394643411   1.199
53394646312   0.289
53394646321   0.659
53394646322   0.527
53394646411   0.542
53394646412   0.484
53394646421   0.989
53394646422   1.519
53394647311   1.398
53394647312   0.623
53394647321   0.283
53394647322   1.380
53394647411   1.119
53394647412   1.288
53394647421   1.348
53394647422   1.547
53394648311   1.477
53394648312   0.977
53394648321   0.547
53394642134   0.048
53394642143   0.669
53394642144   0.649
53394642233   1.039
53394642234   1.219
53394642243   1.299
53394642244   1.499
53394643133   1.689
53394643134   1.739
53394643143   1.549
53394643144   1.699
53394643233   1.099
53394646144   0.204
53394646233   0.421
53394646234   0.201
53394646243   1.009
53394646244   1.469
53394647133   0.507
53394647134   0.354
53394647143   1.552
53394647144   1.530
53394647233   1.129
53394647234   1.231
53394647243   1.327
53394647244   1.617
53394648133   1.617
53394648134   1.127
53394648143   0.567
53394642132   0.088
53394642141   0.589
53394642142   0.769
53394642231   1.139
53394642232   1.209
53394642241   1.359
53394642242   1.429
53394643131   1.649
53394643132   1.629
53394643141   1.499
53394643142   1.689
53394643231   1.119
53394646231   0.331
53394646241   0.729
53394646242   0.669
53394647132   1.181
53394647141   1.771
53394647142   1.810
53394647231   1.400
53394647232   1.388
53394647241   1.627
53394647242   1.787
53394648131   1.767
53394648132   1.407
53394648141   0.837
53394648142   0.526
53394642114   0.188
53394642123   0.739
53394642124   0.819
53394642213   0.819
53394642214   0.859
53394642223   1.059
53394642224   1.219
53394643113   1.679
53394643114   1.579
53394643123   1.379
53394643124   1.408
53394643213   0.979
53394643214   0.098
53394645224   0.318
53394646113   0.408
53394646214   0.049
53394646223   0.919
53394646224   0.359
53394647114   1.631
53394647123   1.571
53394647124   1.051
53394647213   1.617
53394647214   1.637
53394647223   1.697
53394647224   1.956
53394648113   1.827
53394648114   1.556
53394648123   1.076
53394648124   0.426
53394642112   0.018
53394642121   0.619
53394642122   0.639
53394642211   0.829
53394642212   0.919
53394642221   0.749
53394642222   0.849
53394643111   1.249
53394643112   1.059
53394643121   1.239
53394643122   1.099
53394643211   0.349
53394643212   0.309
53394643221   0.339
53394645222   0.178
53394646111   0.308
53394646112   0.498
53394646121   0.198
53394646122   0.038
53394646221   0.819
53394647111   0.161
53394647112   1.361
53394647121   1.471
53394647122   0.837
53394647211   1.147
53394647212   1.517
53394647221   1.736
53394647222   2.066
53394648111   1.766
53394648112   1.446
53394648121   1.176
53394648122   0.366
53394632334   0.109
53394632343   0.629
53394632344   0.589
53394632433   0.699
53394632434   1.089
53394632443   0.659
53394632444   0.679
53394633333   0.769
53394633334   0.409
53394633343   0.909
53394633344   0.519
53394633434   0.179
53394633443   0.668
53394635444   0.208
53394636333   0.338
53394636334   0.488
53394636343   0.528
53394636344   0.468
53394636433   0.228
53394637334   0.891
53394637343   1.191
53394637344   0.687
53394637433   0.886
53394637434   1.626
53394637443   1.886
53394637444   1.976
53394638333   1.766
53394638334   1.536
53394638343   1.286
53394638344   0.366
53394638433   0.376
53394632341   0.499
53394632342   0.439
53394632431   0.039
53394632432   0.449
53394632441   0.509
53394632442   0.779
53394633331   0.739
53394633332   0.139
53394633341   0.459
53394633342   0.419
53394633432   0.358
53394633441   0.759
53394636332   0.488
53394636341   0.598
53394636342   0.408
53394636431   0.438
53394636432   0.868
53394636441   0.968
53394636442   0.898
53394637341   0.521
53394637342   0.087
53394637431   0.536
53394637432   1.336
53394637441   1.906
53394637442   1.896
53394638331   1.846
53394638332   1.666
53394638341   1.386
53394638342   0.806
53394638431   0.456
53394632323   0.399
53394632324   0.499
53394632413   0.309
53394632414   0.299
53394632423   0.419
53394632424   0.599
53394633313   0.469
53394633314   0.529
53394633323   0.589
53394633324   0.039
53394633413   0.038
53394633414   1.018
53394636314   0.208
53394636323   0.508
53394636324   0.678
53394636413   0.618
53394636414   0.928
53394636423   1.038
53394636424   0.798
53394637314   0.029
53394637324   0.160
53394637413   0.200
53394637414   0.366
53394637423   1.276
53394637424   1.826
53394638313   1.716
53394638314   1.646
53394638323   1.286
53394638324   0.786
53394638413   0.496
53394632321   0.379
53394632412   0.329
53394632421   0.239
53394632422   0.349
53394633311   0.279
53394633312   0.139
53394633321   0.279
53394633322   0.088
53394633411   0.218
53394633412   1.008
53394636312   0.098
53394636321   0.348
53394636322   0.478
53394636411   0.448
53394636412   0.868
53394636421   0.888
53394636422   0.548
53394637311   0.178
53394637312   1.578
53394637321   1.038
53394637322   1.179
53394637411   0.888
53394637412   0.549
53394637421   0.365
53394637422   0.906
53394638311   1.596
53394638312   1.706
53394638321   1.376
53394638322   0.776
53394638411   0.546
53394632234   0.168
53394632243   0.018
53394632244   0.328
53394633133   0.118
53394633143   0.398
53394633144   0.578
53394633233   0.298
53394636134   0.368
53394636143   0.408
53394636144   0.388
53394636233   0.528
53394636234   0.818
53394636243   1.028
53394636244   0.918
53394637133   0.878
53394637134   1.698
53394637143   1.808
53394637144   1.979
53394637233   1.759
53394637234   1.339
53394637243   0.710
53394637244   0.235
53394638133   1.146
53394638134   1.606
53394638143   1.196
53394638144   0.706
53394638233   0.596
53394633142   0.788
53394633231   0.878
53394636132   0.448
53394636141   0.598
53394636142   0.578
53394636231   0.778
53394636232   1.068
53394636241   1.248
53394636242   1.828
53394637131   1.788
53394637132   1.838
53394637141   2.028
53394637142   2.208
53394637231   2.129
53394637232   1.899
53394637241   0.979
53394637242   0.541
53394638131   0.386
53394638132   0.926
53394638141   0.916
53394638142   0.636
53394638231   0.606
53394633123   0.518
53394633124   1.328
53394636113   0.278
53394636114   0.548
53394636123   0.778
53394636124   0.968
53394636213   1.228
53394636214   1.568
53394636223   1.498
53394636224   2.008
53394637113   1.728
53394637114   1.738
53394637123   1.748
53394637124   1.798
53394637213   1.808
53394637214   1.479
53394637223   1.019
53394638113   0.166
53394638114   0.936
53394638123   0.636
53394638124   0.566
53394638213   0.516
53394633121   0.918
53394633122   1.508
53394636111   0.487
53394636112   0.628
53394636121   0.828
53394636122   0.998
53394636211   1.218
53394636212   1.618
53394636221   1.608
53394636222   1.808
53394637111   1.658
53394637112   1.238
53394637121   1.318
53394637122   1.598
53394637211   1.248
53394637212   0.949
53394637221   0.848
53394638112   0.806
53394638121   0.606
53394626333   0.287
53394626334   0.298
53394626343   0.298
53394626344   0.748
53394626433   0.598
53394626434   1.108
53394626443   0.928
53394626444   1.488
53394627333   1.308
53394627334   0.658
53394627343   0.158
53394627344   1.258
53394627433   1.108
53394628334   0.396
53394628343   0.856
53394626342   0.178
53394626432   0.448
53394626441   0.278
53394626442   1.288
53394627331   1.298
53394627332   0.978
53394627341   1.058
53394627342   1.748
53394627431   1.818
53394627432   1.118
53394627441   0.688
53394626313   0.167
53394626323   0.648
53394626324   0.608
53394626413   0.197
53394626414   1.288
53394626423   1.488
53394626424   1.568
53394627313   1.528
53394627314   1.598
53394627323   1.888
53394627324   2.068
53394627413   1.978
53394627414   1.568
53394627423   1.168
53394626311   0.447
53394626312   0.288
53394626321   0.808
53394626322   0.748
53394626411   0.918
53394626412   1.538
53394626421   1.728
53394626422   1.698
53394627311   1.768
53394627312   1.988
53394627321   2.098
53394627322   2.158
53394627411   1.778
53394627412   1.258
53394627421   0.968
53394627422   0.318
53394626133   0.537
53394626143   0.698
53394626144   1.148
53394626233   1.308
53394626234   1.528
53394626243   1.728
53394626244   1.598
53394627133   1.748
53394627134   1.978
53394627143   1.998
53394627144   1.958
53394627233   1.888
53394627234   1.358
53394627243   1.188
53394627244   0.298
53394626131   0.777
53394626132   0.718
53394626141   0.628
53394626142   1.138
53394626231   1.128
53394626232   1.378
53394626241   1.698
53394626242   1.828
53394627131   1.708
53394627132   1.998
53394627141   2.068
53394627142   2.108
53394627231   2.148
53394627232   1.498
53394627241   0.478
53394626113   0.397
53394626123   0.578
53394626124   0.628
53394626214   1.238
53394626223   1.608
53394626224   1.718
53394627113   1.627
53394627114   1.938
53394627123   1.988
53394627124   1.898
53394627213   2.048
53394627214   1.468
53394627223   0.208
53394626121   0.427
53394626122   0.108
53394626212   0.657
53394626221   1.037
53394626222   1.307
53394627111   1.307
53394627112   0.698
53394627121   1.378
53394627122   1.048
53394627211   1.038
53394616444   0.414
53394617333   0.072
53394617334   0.162
53394616442   0.225
53394617331   0.244
53394616414   0.127
53394616423   0.131
53394616424   0.103
53394617313   0.339
53394617314   0.735
53394617323   0.155
53394617413   0.402
53394616322   0.026
53394616412   0.337
53394616421   0.257
53394616422   0.029
53394617311   0.531
53394617312   0.942
53394617321   0.052
53394617411   0.442
53394616144   0.074
53394616234   0.357
53394616243   0.767
53394616244   0.637
53394617133   1.058
53394617134   0.849
53394617233   0.583
53394617234   0.153
53394616142   0.046
53394616231   0.016
53394616232   0.517
53394616241   0.817
53394616242   1.087
53394617131   1.147
53394617132   0.848
53394617142   0.343
53394617231   0.833
53394617232   0.454
53394616124   0.136
53394616213   0.116
53394616214   0.526
53394616223   0.677
53394616224   1.107
53394617113   1.097
53394617114   0.817
53394617213   0.754
53394617214   0.554
53394616122   0.816
53394616211   0.726
53394616212   1.006
53394616221   0.796
53394616222   1.286
53394617111   1.176
53394617112   0.246
53394617211   0.437
53394617212   0.326
53394617221   0.092
53394606344   0.686
53394606433   1.126
53394606434   0.966
53394606443   1.106
53394606444   1.266
53394607333   1.246
53394607334   0.463
53394607343   0.110
53394607344   0.522
53394607433   0.194
53394607434   0.424
53394607443   0.150
53394606342   0.016
53394606431   0.826
53394606432   0.956
53394606441   0.946
53394606442   0.986
53394607331   0.926
53394607332   0.234
53394607341   0.454
53394607342   0.532
53394607431   0.129
53394606423   0.536
53394606424   0.716
53394607323   0.179
53394607324   0.135
