53395539124   3.554
53395539122   3.923
53395529344   4.592
53395529433   4.032
53395529341   3.548
53395529342   4.570
53395529431   3.732
53395529323   3.719
53395529324   4.590
53395529413   3.882
53395529414   4.103
53395529312   2.255
53395529321   3.691
53395529322   4.491
53395529411   4.532
53395529412   4.893
53395529134   1.783
53395529143   4.071
53395529144   4.061
53395529233   4.242
53395529234   4.892
53395529243   5.001
53395529132   1.548
53395529141   4.039
53395529142   3.780
53395529231   3.631
53395529232   4.261
53395529241   4.301
53395529242   4.392
53395620131   4.163
53395529114   2.506
53395529123   3.559
53395529124   3.660
53395529213   3.440
53395529214   4.141
53395529223   4.101
53395529224   4.222
53395620113   3.883
53395620114   3.885
53395529121   3.039
53395529122   3.000
53395529211   3.030
53395529212   3.910
53395529221   3.831
53395529222   4.192
53395620111   3.334
53395620112   3.696
53395620121   3.895
53395519433   1.951
53395519434   3.580
53395519443   3.850
53395519444   4.012
53395610333   3.134
53395610334   3.055
53395610343   3.444
53395610344   3.641
53395610433   3.991
53395519441   3.280
53395519442   3.531
53395610331   3.194
53395610332   2.765
53395610341   3.283
53395610342   3.191
53395610431   3.253
53395610432   4.147
53395519423   0.379
53395519424   1.028
53395610313   0.130
53395610414   3.025
53395610423   4.418
53395519412   0.578
53395519421   0.738
53395519422   0.588
53395610421   4.267
53395519234   0.378
53395519243   1.068
53395519244   0.869
53395610133   0.639
53395610243   3.769
53395519232   0.218
53395519241   0.809
53395519242   0.849
53395610131   0.598
53395610132   0.549
53395610231   0.050
53395610232   0.860
53395610241   3.642
53395519223   0.418
53395519224   0.638
53395610113   0.499
53395610114   0.780
53395610123   0.861
53395610124   0.460
53395610213   0.376
53395610214   4.034
53395610223   3.693
53395610224   2.622
53395519221   0.359
53395519222   0.558
53395610111   0.530
53395610112   0.809
53395610121   1.088
53395610122   0.829
53395610211   3.982
53395610212   3.662
53395610221   3.311
53395610222   2.870
53395509443   0.168
53395509444   0.370
53395600333   0.608
53395600334   0.559
53395600343   0.179
53395600344   4.031
53395600433   4.121
53395600434   4.010
53395600443   3.778
53395600444   3.798
53395601333   3.708
53395509441   0.469
53395509442   0.648
53395600331   0.319
53395600332   0.021
53395600341   3.660
53395600342   3.322
53395600431   4.120
53395600432   4.137
53395600441   3.985
53395600442   4.105
53395601331   3.496
53395601332   2.955
53395509414   0.189
53395509423   0.558
53395509424   0.779
53395600313   0.438
53395600314   2.558
53395600323   2.100
53395600324   3.321
53395600413   4.279
53395600414   4.177
53395600423   4.165
53395600424   3.937
53395601313   3.700
53395601314   3.411
53395601323   3.796
53395509412   0.109
53395509421   0.489
53395509422   0.828
53395600312   2.659
53395600321   2.002
53395600322   3.742
53395600411   4.141
53395600412   4.188
53395600421   4.116
53395600422   4.048
53395601311   4.111
53395601312   3.951
53395601321   4.270
53395601322   4.353
53395603422   4.571
53395604311   4.590
53395604312   4.420
53395604321   4.205
53395604411   0.000
53395600133   0.202
53395600134   0.013
53395600143   2.234
53395600144   3.543
53395600233   4.002
53395600234   4.171
53395600243   4.260
53395600244   4.281
53395601133   4.173
53395601134   4.170
53395601143   4.427
53395601144   4.675
53395601233   4.564
53395601234   4.368
53395603233   4.671
53395603234   5.552
53395603243   6.119
53395603244   6.309
53395604133   6.284
53395604134   5.831
53395604143   5.833
53395604144   5.168
53395604233   5.310
53395604234   3.358
53395600131   0.030
53395600141   0.258
53395600142   0.667
53395600231   1.199
53395600232   3.813
53395600241   4.102
53395600242   3.923
53395601131   3.822
53395601132   3.646
53395601141   3.953
53395601142   4.096
53395601231   4.193
53395601232   4.832
53395601241   4.793
53395601242   4.762
53395602241   3.236
53395602242   3.305
53395603131   3.812
53395603132   4.893
53395603141   4.526
53395603142   3.747
53395603231   5.251
53395603232   6.048
53395603241   6.192
53395603242   6.135
53395604131   6.113
53395604132   5.788
53395604141   5.968
53395604142   5.316
53395604231   5.628
53395604232   4.512
53395604241   4.241
53395600113   0.353
53395600114   0.462
53395600214   0.050
53395600223   0.272
53395600224   0.015
53395601113   2.111
53395601114   2.362
53395601123   3.330
53395601124   3.505
53395601213   3.769
53395601214   4.319
53395601223   4.474
53395601224   4.574
53395602113   4.449
53395602114   4.573
53395602123   4.365
53395602124   4.585
53395602213   4.524
53395602214   3.547
53395602223   3.435
53395602224   3.906
53395603113   4.357
53395603114   5.308
53395603123   4.404
53395603124   4.681
53395603213   4.548
53395603214   5.796
53395603223   6.432
53395603224   6.154
53395604113   5.692
53395604114   5.718
53395604123   6.303
53395604124   5.794
53395604213   5.384
53395604214   6.158
53395604223   5.880
53395604224   4.419
53395509222   0.452
53395600111   0.842
53395600112   0.962
53395600121   0.592
53395600212   0.123
53395601111   0.043
53395601112   0.034
53395601121   0.020
53395601122   0.112
53395601211   0.106
53395601212   0.500
53395601221   0.538
53395601222   3.640
53395602111   3.563
53395602112   4.072
53395602121   3.547
53395602122   3.650
53395602211   3.583
53395602212   2.762
53395602221   2.704
53395602222   2.872
53395603111   3.486
53395603112   4.470
53395603121   3.450
53395603122   5.297
53395603211   4.423
53395603212   5.565
53395603221   6.252
53395603222   6.049
53395604111   5.704
53395604112   5.481
53395604121   5.917
53395604122   6.114
53395604211   4.801
53395604212   6.277
53395604221   5.767
53395604222   6.071
53395605111   5.152
53394599444   0.582
53394690333   0.612
53394690334   0.672
53394690343   0.441
53394690434   0.429
53394690443   0.621
53394690444   0.449
53394691333   0.478
53394691343   0.099
53394691433   0.065
53394691434   0.047
53394691443   0.123
53394691444   0.081
53394692333   0.410
53394692334   0.821
53394692343   0.420
53394692433   0.198
53394692443   0.041
53394692444   0.035
53394693334   0.041
53394693343   0.024
53394693344   0.845
53394693433   4.661
53394693434   4.539
53394693443   5.889
53394693444   6.278
53394694333   5.894
53394694334   5.647
53394694343   5.443
53394694344   5.866
53394694433   4.374
53394694434   5.591
53394694443   6.139
53394694444   6.201
53394695333   6.361
53394695334   4.519
53394599441   0.152
53394599442   0.492
53394690331   0.372
53394690332   0.472
53394690341   0.341
53394690342   0.021
53394690432   0.449
53394690441   0.639
53394690442   0.878
53394691331   0.627
53394691332   0.195
53394691342   0.537
53394691431   0.607
53394691432   0.397
53394691441   0.648
53394691442   0.018
53394692332   0.559
53394692341   0.353
53394692342   0.073
53394692431   0.803
53394692432   0.931
53394692441   0.860
53394692442   0.788
53394693331   0.714
53394693332   0.224
53394693341   0.157
53394693431   4.200
53394693432   4.530
53394693441   5.538
53394693442   5.871
53394694331   5.938
53394694332   6.252
53394694341   5.191
53394694342   5.211
53394694431   4.820
53394694432   3.747
53394694441   5.694
53394694442   6.065
53394695331   6.574
53394695332   5.287
53394599423   0.221
53394599424   0.282
53394690313   0.082
53394690314   0.082
53394690323   0.171
53394690324   0.014
53394690413   0.029
53394690414   0.369
53394690423   0.299
53394690424   0.298
53394691313   0.274
53394691323   0.520
53394691324   0.747
53394691413   0.797
53394691414   0.877
53394691423   0.506
53394691424   0.372
53394692324   0.018
53394692413   0.934
53394692414   0.922
53394692423   0.679
53394692424   0.684
53394693313   1.194
53394693314   1.594
53394693323   1.188
53394693324   0.191
53394693413   0.450
53394693414   4.855
53394693423   5.244
53394693424   6.082
53394694313   5.972
53394694314   6.493
53394694323   5.516
53394694324   4.424
53394694413   4.176
53394694414   4.531
53394694423   6.393
53394694424   6.424
53394695313   6.368
53394695314   6.088
53394695323   4.760
53394690411   0.229
53394690412   0.378
53394690421   0.218
53394691321   0.438
53394691322   0.567
53394691411   0.907
53394691412   0.806
53394691421   0.434
53394691422   0.293
53394692321   0.373
53394692322   0.739
53394692411   0.965
53394692412   0.843
53394692421   0.439
53394692422   0.533
53394693311   1.204
53394693312   1.735
53394693321   1.633
53394693322   0.950
53394693411   0.970
53394693412   4.934
53394693421   4.799
53394693422   6.223
53394694311   5.874
53394694312   6.303
53394694321   6.036
53394694322   4.723
53394694411   5.227
53394694412   5.162
53394694421   6.950
53394694422   6.828
53394695311   6.056
53394695312   6.426
53394695321   5.556
53394695322   4.415
53394690233   0.128
53394690234   0.338
53394690243   0.275
53394690244   0.233
53394691133   0.116
53394691143   0.248
53394691144   0.207
53394691233   0.796
53394691234   0.615
53394691243   0.368
53394691244   0.368
53394692133   0.372
53394692134   0.342
53394692143   0.550
53394692144   0.700
53394692233   0.935
53394692234   0.802
53394692243   0.676
53394692244   0.772
53394693133   1.084
53394693134   1.514
53394693143   1.648
53394693144   1.262
53394693233   1.275
53394693234   5.083
53394693243   4.124
53394693244   5.537
53394694133   5.986
53394694134   5.741
53394694143   5.833
53394694144   5.168
53394694233   5.900
53394694234   6.108
53394694243   7.067
53394694244   6.837
53394695133   6.379
53394695134   6.799
53394695143   6.270
53394695144   5.042
53394690241   0.035
53394690242   0.019
53394691131   0.120
53394691132   0.058
53394691141   0.042
53394691231   0.686
53394691232   0.495
53394691241   0.191
53394691242   0.331
53394692131   0.502
53394692132   0.356
53394692141   0.366
53394692142   0.562
53394692231   0.637
53394692232   0.661
53394692241   0.705
53394692242   0.820
53394693131   1.155
53394693132   1.546
53394693141   1.108
53394693142   5.398
53394693231   5.218
53394693232   5.176
53394693241   4.534
53394693242   4.983
53394694131   5.547
53394694132   5.326
53394694141   5.475
53394694142   5.177
53394694231   5.436
53394694232   5.965
53394694241   6.855
53394694242   6.700
53394695131   6.604
53394695132   6.866
53394695141   6.386
53394695142   6.168
53394691224   0.246
53394692113   0.363
53394692114   0.104
53394692123   0.095
53394692124   0.023
53394692214   0.098
53394692223   0.525
53394692224   0.640
53394693113   0.991
53394693114   1.069
53394693124   5.318
53394693213   5.282
53394693214   5.091
53394693223   4.835
53394693224   4.943
53394694113   5.452
53394694114   5.333
53394694123   4.841
53394694124   5.198
53394694213   4.904
53394694214   6.023
53394694223   6.800
53394694224   6.713
53394695113   6.541
53394695114   6.734
53394695123   6.801
53394695124   6.696
53394695213   5.017
53394692222   0.030
53394693111   0.477
53394693112   0.572
53394693121   0.076
53394693122   5.135
53394693211   5.111
53394693212   4.537
53394693221   4.668
53394693222   4.621
53394694111   5.183
53394694112   5.479
53394694121   4.973
53394694122   5.648
53394694211   6.323
53394694212   6.276
53394694221   6.235
53394694222   6.215
53394695111   6.377
53394695112   6.907
53394695121   7.148
53394695122   6.773
53394695211   5.669
53394683334   0.680
53394683343   0.495
53394683344   4.966
53394683433   5.312
53394683434   4.262
53394683443   5.186
53394683444   5.354
53394684333   4.956
53394684334   4.966
53394684343   5.235
53394684344   6.679
53394684433   6.194
53394684434   6.162
53394684443   6.107
53394684444   5.641
53394685333   5.258
53394685334   5.702
53394685343   6.686
53394685344   6.457
53394685433   5.876
53394685434   3.574
53394683342   0.031
53394683431   4.970
53394683432   5.403
53394683441   5.064
53394683442   5.316
53394684331   5.154
53394684332   4.739
53394684341   5.562
53394684342   7.342
53394684431   6.133
53394684432   5.471
53394684441   5.645
53394684442   5.230
53394685331   4.332
53394685332   4.412
53394685341   5.246
53394685342   6.327
53394685431   5.988
53394685432   3.363
53394683413   3.715
53394683414   4.875
53394683423   5.123
53394683424   5.285
53394684313   5.480
53394684314   4.785
53394684323   5.397
53394684324   6.057
53394684413   5.865
53394684414   5.369
53394684423   5.343
53394684424   4.853
53394685313   3.960
53394685314   1.978
53394685323   3.024
53394685324   5.185
53394685413   5.334
53394685414   0.017
53394683322   0.068
53394683412   3.909
53394683421   4.728
53394683422   4.781
53394684311   4.737
53394684312   4.303
53394684321   5.381
53394684322   5.727
53394684411   5.401
53394684412   5.145
53394684421   4.704
53394684422   4.394
53394685311   0.171
53394685312   0.123
53394685321   0.190
53394685322   4.378
53394685411   4.222
53394683143   0.812
53394683144   0.497
53394683243   0.668
53394683244   3.901
53394684133   2.870
53394684134   4.280
53394684143   5.194
53394684144   5.033
53394684233   4.661
53394684234   4.329
53394684243   0.490
53394684244   1.701
53394685133   1.530
53394685134   1.075
53394685143   0.889
53394685144   0.304
53394685233   0.101
53394685234   0.734
53394685243   0.133
53394683132   1.394
53394683141   1.018
53394683142   0.870
53394683241   0.646
53394683242   1.192
53394684131   0.108
53394684132   1.040
53394684141   1.223
53394684142   1.019
53394684231   0.776
53394684232   0.431
53394684241   0.410
53394684242   2.148
53394685131   2.213
53394685132   2.197
53394685141   1.523
53394685142   0.348
53394685231   0.089
53394685241   0.376
53394682224   0.113
53394683113   2.608
53394683114   1.983
53394683123   1.300
53394683124   1.273
53394683213   0.917
53394683214   0.215
53394683223   0.797
53394683224   0.752
53394684113   0.794
53394684114   1.084
53394684123   0.384
53394684124   0.191
53394684213   0.433
53394684214   0.580
53394684223   1.510
53394684224   2.057
53394685113   1.640
53394685114   1.966
53394685123   1.698
53394685124   0.835
53394685213   0.057
53394685214   0.056
53394685223   0.590
53394682212   0.016
53394682222   0.047
53394683111   0.849
53394683112   1.244
53394683121   1.331
53394683122   1.263
53394683211   0.924
53394683212   0.503
53394683221   1.245
53394683222   0.880
53394684111   1.104
53394684112   1.280
53394684121   0.653
53394684122   0.233
53394684211   0.566
53394684212   1.365
53394684221   1.793
53394684222   1.325
53394685111   1.095
53394685112   0.973
53394685121   1.468
53394685122   1.019
53394685221   0.411
53394672434   0.030
53394672443   0.018
53394673333   0.574
53394673334   0.965
53394673343   1.021
53394673344   1.034
53394673433   0.626
53394673434   0.436
53394673443   0.894
53394673444   0.909
53394674333   1.208
53394674334   1.723
53394674343   1.089
53394674344   0.797
53394674433   0.831
53394674434   1.581
53394674443   1.999
53394674444   1.344
53394675333   1.253
53394675334   0.506
53394675343   0.958
53394675344   1.049
53394675443   0.349
53394675444   0.148
53394672432   0.248
53394672441   0.369
53394672442   0.352
53394673331   0.580
53394673332   0.757
53394673341   0.643
53394673342   0.770
53394673431   0.900
53394673432   0.685
53394673441   0.956
53394673442   1.305
53394674331   1.322
53394674332   1.723
53394674341   1.117
53394674342   1.096
53394674431   1.261
53394674432   1.468
53394674441   1.428
53394674442   0.801
53394675331   0.436
53394675332   0.248
53394675341   0.538
53394675431   0.015
53394675441   0.473
53394675442   0.074
53394672414   0.517
53394672423   0.530
53394672424   0.494
53394673313   0.622
53394673314   0.606
53394673323   0.690
53394673324   0.870
53394673413   0.978
53394673414   0.690
53394673423   1.093
53394673424   1.293
53394674313   1.611
53394674314   1.611
53394674323   1.125
53394674324   1.278
53394674413   1.567
53394674414   1.638
53394674423   1.478
53394674424   0.598
53394675314   0.230
53394675323   0.428
53394675423   0.523
53394675424   0.319
53394676313   0.324
53394672412   0.322
53394672421   0.247
53394672422   0.485
53394673311   0.602
53394673312   0.513
53394673321   0.549
53394673322   0.701
53394673411   0.951
53394673412   0.529
53394673421   1.374
53394673422   1.427
53394674311   1.571
53394674312   1.355
53394674321   1.257
53394674322   1.474
53394674411   1.562
53394674412   1.535
53394674421   1.519
53394674422   0.796
53394675311   0.698
53394675312   0.859
53394675412   0.723
53394675421   0.686
53394675422   0.694
53394676311   0.733
53394672243   0.360
53394672244   0.384
53394673133   0.432
53394673134   0.453
53394673143   0.419
53394673144   0.374
53394673233   0.691
53394673234   0.523
53394673243   1.366
53394673244   1.464
53394674133   1.356
53394674134   1.358
53394674143   1.472
53394674144   1.459
53394674233   1.233
53394674234   1.187
53394674243   1.798
53394674244   1.565
53394675133   1.137
53394675233   0.632
53394675234   0.783
53394675243   0.723
53394675244   0.903
53394676133   0.983
53394676134   0.632
53394672241   0.149
53394672242   0.208
53394673131   0.121
53394673132   0.275
53394673141   0.293
53394673142   0.171
53394673232   0.793
53394673241   2.057
53394673242   1.395
53394674131   1.393
53394674132   1.410
53394674141   1.364
53394674142   1.460
53394674231   1.363
53394674232   1.218
53394674241   1.486
53394674242   1.285
53394675131   0.817
53394675231   0.742
53394675232   0.782
53394675241   0.722
53394675242   0.852
53394676131   0.872
53394676132   0.632
53394676141   0.182
53394672224   0.021
53394673114   0.081
53394673123   0.122
53394673124   0.040
53394673214   0.481
53394673223   1.237
53394673224   1.423
53394674113   1.461
53394674114   1.414
53394674123   1.415
53394674124   1.391
53394674213   0.525
53394674214   0.913
53394674223   0.684
53394674224   0.894
53394675113   0.667
53394675124   0.141
53394675213   0.661
53394675214   0.681
53394675223   0.711
53394675224   0.672
53394676113   0.621
53394676114   0.620
53394673212   0.221
53394673221   0.517
53394673222   1.344
53394674111   1.273
53394674112   1.246
53394674121   1.533
53394674122   1.451
53394674211   1.225
53394674212   1.223
53394674221   1.162
53394674222   0.505
53394675111   0.352
53394675211   0.639
53394675212   0.699
53394675221   0.590
53394675222   0.420
53394676111   0.328
53394676112   0.585
53394676122   1.213
53394663433   0.147
53394663434   0.421
53394663444   1.064
53394664333   1.302
53394664334   1.216
53394664343   1.244
53394664344   1.322
53394664433   1.455
53394664434   1.453
53394664443   1.673
53394664444   0.363
53394665333   0.412
53394665433   0.556
53394665434   0.636
53394665443   0.347
53394665444   0.145
53394666333   0.296
53394666334   0.493
53394666343   0.233
53394666344   0.071
53394663342   0.076
53394663431   0.279
53394663432   0.639
53394663441   0.185
53394663442   0.294
53394664331   1.155
53394664332   1.274
53394664341   1.051
53394664342   1.081
53394664431   1.305
53394664432   1.602
53394664441   1.372
53394664442   0.681
53394665331   0.673
53394665342   0.165
53394665431   0.450
53394665432   0.560
53394665441   0.277
53394665442   0.198
53394666331   0.345
53394666332   0.354
53394666341   0.187
53394666342   0.398
53394666431   0.252
53394663324   0.244
53394663413   0.185
53394663414   0.505
53394663423   0.408
53394663424   0.094
53394664313   0.676
53394664314   0.782
53394664323   0.604
53394664324   0.877
53394664413   1.404
53394664414   1.571
53394664423   1.402
53394664424   0.993
53394665313   0.954
53394665324   0.352
53394665413   0.503
53394665414   0.483
53394665423   0.322
53394665424   0.254
53394666313   0.326
53394666314   0.102
53394666324   0.077
53394666413   0.285
53394666414   0.252
53394663322   0.195
53394663411   0.136
53394663412   0.361
53394664312   0.793
53394664321   0.644
53394664322   0.991
53394664411   1.400
53394664412   1.498
53394664421   1.222
53394664422   0.623
53394665311   0.463
53394665322   0.369
53394665411   0.387
53394665412   0.221
53394665421   0.405
53394665422   0.444
53394666311   0.395
53394666312   0.067
53394666322   0.118
53394666412   0.228
53394663143   0.023
53394663144   0.093
53394663233   0.301
53394663234   0.412
53394664134   0.577
53394664143   0.750
53394664144   0.969
53394664233   1.480
53394664234   1.390
53394664243   1.161
53394664244   0.419
53394665144   0.253
53394665233   0.273
53394665234   0.244
53394665243   0.467
53394665244   0.269
53394666133   0.229
53394666144   0.074
53394666234   0.197
53394666243   0.051
53394663132   0.140
53394663141   0.234
53394663142   0.185
53394663231   0.363
53394663232   0.318
53394664131   0.137
53394664132   0.393
53394664141   0.554
53394664142   0.969
53394664231   1.541
53394664232   1.451
53394664241   1.238
53394664242   0.580
53394665142   0.087
53394665231   0.314
53394665232   0.289
53394665241   0.332
53394665242   0.240
53394666131   0.110
53394666132   0.188
53394666141   0.072
53394666142   0.179
53394666231   0.322
53394666232   0.393
53394666241   0.276
53394663114   0.213
53394663123   0.372
53394663124   0.288
53394663213   0.497
53394663214   0.574
53394663223   0.178
53394663224   0.447
53394664113   0.672
53394664114   0.571
53394664123   0.613
53394664124   0.966
53394664213   1.529
53394664214   1.560
53394664223   1.099
53394664224   0.901
53394665124   0.143
53394665213   0.161
53394665214   0.268
53394665223   0.484
53394665224   0.295
53394666113   0.139
53394666114   0.112
53394666123   0.197
53394666124   0.060
53394666213   0.339
53394666214   0.249
53394666223   0.082
53394663111   0.018
53394663112   0.132
53394663121   0.385
53394663122   0.603
53394663211   0.593
53394663212   0.241
53394663221   0.315
53394663222   0.658
53394664111   0.697
53394664112   0.506
53394664121   0.337
53394664122   0.717
53394664211   1.328
53394664212   0.918
53394664221   0.631
53394664222   1.029
53394665121   0.018
53394665122   0.062
53394665212   0.348
53394665221   0.429
53394665222   0.225
53394666111   0.299
53394666112   0.066
53394666121   0.316
53394666122   0.439
53394666211   0.469
53394666212   0.258
53394653334   0.082
53394653343   0.190
53394653344   0.466
53394653433   0.545
53394653434   0.436
53394653443   0.402
53394653444   0.633
53394654333   0.661
53394654334   0.150
53394654343   0.354
53394654433   0.630
53394654443   0.268
53394654444   1.070
53394655434   0.206
53394655443   0.345
53394655444   0.183
53394656333   0.243
53394656334   0.287
53394656343   0.451
53394656344   0.419
53394656433   0.288
53394656434   0.097
53394653341   0.114
53394653342   0.197
53394653431   0.489
53394653432   0.510
53394653441   0.544
53394653442   0.684
53394654331   0.179
53394654341   0.024
53394654441   0.708
53394655432   0.162
53394655441   0.170
53394655442   0.078
53394656331   0.214
53394656332   0.432
53394656341   0.457
53394656342   0.156
53394653323   0.012
53394653324   0.052
53394653413   0.139
53394653414   0.323
53394653423   0.449
53394653424   0.482
53394654423   1.159
53394655324   0.084
53394655413   0.257
53394655414   0.257
53394655423   0.095
53394656313   0.238
53394656314   0.390
53394656323   0.347
53394656324   0.078
53394653322   0.056
53394653411   0.186
53394653412   0.250
53394653421   0.526
53394653422   0.245
53394655411   0.072
53394655412   0.132
53394655421   0.034
53394656311   0.139
53394656312   0.314
53394656321   0.245
53394656322   0.031
53394653233   0.087
53394653234   0.129
53394653243   0.102
53394655234   0.134
53394656133   0.013
53394656134   0.213
53394656143   0.225
53394653232   0.082
53394655232   0.017
53394656132   0.036
53394656141   0.121
