53395539124   3.620
53395539122   3.988
53395529344   4.656
53395529433   4.096
53395529341   3.615
53395529342   4.635
53395529431   3.796
53395529323   3.785
53395529324   4.655
53395529413   3.945
53395529414   4.165
53395529312   2.318
53395529321   3.755
53395529322   4.555
53395529411   4.594
53395529412   4.955
53395529134   1.848
53395529143   4.136
53395529144   4.125
53395529233   4.304
53395529234   4.954
53395529243   5.064
53395529132   1.617
53395529141   4.106
53395529142   3.845
53395529231   3.694
53395529232   4.324
53395529241   4.364
53395529242   4.454
53395620131   4.224
53395529114   2.576
53395529123   3.626
53395529124   3.725
53395529213   3.504
53395529214   4.204
53395529223   4.164
53395529224   4.284
53395620113   3.944
53395620114   3.944
53395529121   3.106
53395529122   3.065
53395529211   3.095
53395529212   3.975
53395529221   3.895
53395529222   4.254
53395620111   3.394
53395620112   3.754
53395620121   3.954
53395519433   2.015
53395519434   3.645
53395519443   3.915
53395519444   4.074
53395610333   3.194
53395610334   3.114
53395610343   3.504
53395610344   3.704
53395610433   4.054
53395519441   3.345
53395519442   3.595
53395610331   3.254
53395610332   2.824
53395610341   3.344
53395610342   3.254
53395610431   3.313
53395610432   4.202
53395519423   0.694
53395519424   1.344
53395610313   0.444
53395610314   0.184
53395610414   3.081
53395610423   4.481
53395519411   0.254
53395519412   0.894
53395519421   1.054
53395519422   0.904
53395610311   0.034
53395610312   0.034
53395610421   4.331
53395519233   0.154
53395519234   0.694
53395519243   1.384
53395519244   1.184
53395610133   0.954
53395610243   3.830
53395519232   0.534
53395519241   1.124
53395519242   1.164
53395610131   0.914
53395610132   0.864
53395610141   0.314
53395610142   0.216
53395610231   0.095
53395610232   0.917
53395610241   3.699
53395519214   0.194
53395519223   0.734
53395519224   0.954
53395610113   0.814
53395610114   1.094
53395610123   1.174
53395610124   0.775
53395610213   0.685
53395610214   4.089
53395610223   3.748
53395610224   2.678
53395519212   0.184
53395519221   0.674
53395519222   0.874
53395610111   0.844
53395610112   1.124
53395610121   1.404
53395610122   1.144
53395610211   4.038
53395610212   3.717
53395610221   3.367
53395610222   2.927
53395509434   0.143
53395509443   0.483
53395509444   0.683
53395600333   0.924
53395600334   0.874
53395600343   0.494
53395600344   4.088
53395600433   4.177
53395600434   4.066
53395600443   3.837
53395600444   3.857
53395601333   3.769
53395509432   0.282
53395509441   0.782
53395509442   0.963
53395600331   0.633
53395600332   0.334
53395600341   3.720
53395600342   3.378
53395600431   4.177
53395600432   4.197
53395600441   4.047
53395600442   4.167
53395601331   3.558
53395601332   3.020
53395509324   0.042
53395509413   0.062
53395509414   0.502
53395509423   0.872
53395509424   1.092
53395600313   0.752
53395600314   2.620
53395600323   2.159
53395600324   3.377
53395600413   4.337
53395600414   4.237
53395600423   4.227
53395600424   3.997
53395601313   3.758
53395601314   3.468
53395601323   3.850
53395509411   0.342
53395509412   0.422
53395509421   0.802
53395509422   1.142
53395600311   0.289
53395600312   2.720
53395600321   2.059
53395600322   3.798
53395600411   4.197
53395600412   4.247
53395600421   4.177
53395600422   4.107
53395601311   4.168
53395601312   4.008
53395601321   4.328
53395601322   4.420
53395603422   4.826
53395604311   4.913
53395604312   4.678
53395604321   4.490
53395509233   0.152
53395509234   0.162
53395509244   0.230
53395600133   0.409
53395600134   0.141
53395600143   2.290
53395600144   3.598
53395600233   4.058
53395600234   4.227
53395600243   4.317
53395600244   4.337
53395601133   4.228
53395601134   4.228
53395601143   4.488
53395601144   4.739
53395601233   4.622
53395601234   4.422
53395603233   4.934
53395603234   5.728
53395603243   6.297
53395603244   6.574
53395604133   6.499
53395604134   6.122
53395604143   6.373
53395604144   5.830
53395604233   6.469
53395604234   3.725
53395600131   0.323
53395600132   0.150
53395600141   0.396
53395600142   0.808
53395600231   1.340
53395600232   3.868
53395600241   4.157
53395600242   3.977
53395601131   3.878
53395601132   3.708
53395601141   4.018
53395601142   4.159
53395601231   4.251
53395601232   4.892
53395601241   4.864
53395601242   4.838
53395602241   3.374
53395602242   3.425
53395603131   3.950
53395603132   5.025
53395603141   4.629
53395603142   3.912
53395603231   5.441
53395603232   6.193
53395603241   6.373
53395603242   6.413
53395604131   6.289
53395604132   6.061
53395604141   6.433
53395604142   6.421
53395604231   6.328
53395604232   6.030
53395604241   4.547
53395509224   0.061
53395600113   0.644
53395600114   0.751
53395600123   0.237
53395600124   0.026
53395600214   0.133
53395600223   0.391
53395600224   0.214
53395601113   2.170
53395601114   2.429
53395601123   3.399
53395601124   3.570
53395601213   3.832
53395601214   4.381
53395601223   4.543
53395601224   4.648
53395602113   4.523
53395602114   4.644
53395602123   4.437
53395602124   4.661
53395602213   4.618
53395602214   3.654
53395602223   3.553
53395602224   4.033
53395603113   4.489
53395603114   5.442
53395603123   4.534
53395603124   4.806
53395603213   4.730
53395603214   6.019
53395603223   6.594
53395603224   6.429
53395604113   6.019
53395604114   6.218
53395604123   6.475
53395604124   6.719
53395604213   6.505
53395604214   6.621
53395604223   6.105
53395604224   5.059
53395509222   0.741
53395600111   1.131
53395600112   1.250
53395600121   0.880
53395600122   0.143
53395600211   0.140
53395600212   0.244
53395600221   0.151
53395601111   0.106
53395601112   0.089
53395601121   0.118
53395601122   0.222
53395601211   0.225
53395601212   0.616
53395601221   0.654
53395601222   3.724
53395602111   3.643
53395602112   4.146
53395602121   3.620
53395602122   3.734
53395602211   3.675
53395602212   2.863
53395602221   2.829
53395602222   3.000
53395603111   3.632
53395603112   4.599
53395603121   3.589
53395603122   5.435
53395603211   4.654
53395603212   5.808
53395603221   6.429
53395603222   6.327
53395604111   6.081
53395604112   6.235
53395604121   6.518
53395604122   6.814
53395604211   5.721
53395604212   6.941
53395604221   7.260
53395604222   6.630
53395605111   5.546
53394599443   0.231
53394599444   0.871
53394690333   0.901
53394690334   0.960
53394690343   0.728
53394690344   0.274
53394690433   0.125
53394690434   0.548
53394690443   0.732
53394690444   0.557
53394691333   0.585
53394691334   0.055
53394691343   0.188
53394691344   0.136
53394691433   0.143
53394691434   0.133
53394691443   0.224
53394691444   0.235
53394692333   0.571
53394692334   0.979
53394692343   0.576
53394692344   0.076
53394692433   0.937
53394692434   0.548
53394692443   0.368
53394692444   0.258
53394693333   0.606
53394693334   0.173
53394693343   0.114
53394693344   1.354
53394693433   4.871
53394693434   4.732
53394693443   6.152
53394693444   6.524
53394694333   6.055
53394694334   6.360
53394694343   6.452
53394694344   6.275
53394694433   5.437
53394694434   5.944
53394694443   6.605
53394694444   6.868
53394695333   6.525
53394695334   4.850
53394599441   0.441
53394599442   0.781
53394690331   0.660
53394690332   0.759
53394690341   0.626
53394690342   0.294
53394690431   0.047
53394690432   0.565
53394690441   0.750
53394690442   0.986
53394691331   0.732
53394691332   0.292
53394691341   0.297
53394691342   1.085
53394691431   1.155
53394691432   0.944
53394691441   1.194
53394691442   0.563
53394692332   0.715
53394692341   0.503
53394692342   0.139
53394692431   1.547
53394692432   1.677
53394692441   1.607
53394692442   1.537
53394693331   1.466
53394693332   0.975
53394693341   0.893
53394693342   0.680
53394693431   4.447
53394693432   4.774
53394693441   5.934
53394693442   6.411
53394694331   6.382
53394694332   6.414
53394694341   6.130
53394694342   5.782
53394694431   5.378
53394694432   4.890
53394694441   6.186
53394694442   6.463
53394695331   6.767
53394695332   5.719
53394599423   0.511
53394599424   0.571
53394690313   0.370
53394690314   0.369
53394690323   0.453
53394690324   0.282
53394690413   0.164
53394690414   0.483
53394690423   0.409
53394690424   0.405
53394691313   0.377
53394691314   0.330
53394691323   1.067
53394691324   1.295
53394691413   1.344
53394691414   1.424
53394691423   1.053
53394691424   0.923
53394692314   0.124
53394692323   0.180
53394692324   0.757
53394692413   1.677
53394692414   1.667
53394692423   1.426
53394692424   1.436
53394693313   1.946
53394693314   2.345
53394693323   1.934
53394693324   0.932
53394693413   1.194
53394693414   5.149
53394693423   5.498
53394693424   6.549
53394694313   6.762
53394694314   6.804
53394694323   6.164
53394694324   5.079
53394694413   4.777
53394694414   4.888
53394694423   6.803
53394694424   6.577
53394695313   6.680
53394695314   6.455
53394695323   5.038
53394599422   0.231
53394690321   0.073
53394690411   0.343
53394690412   0.491
53394690421   0.328
53394690422   0.069
53394691311   0.045
53394691312   0.166
53394691321   0.986
53394691322   1.115
53394691411   1.454
53394691412   1.354
53394691421   0.983
53394691422   0.851
53394692311   0.565
53394692312   0.441
53394692321   1.109
53394692322   1.478
53394692411   1.707
53394692412   1.587
53394692421   1.186
53394692422   1.286
53394693311   1.956
53394693312   2.485
53394693321   2.385
53394693322   1.694
53394693411   1.943
53394693412   5.327
53394693421   5.090
53394693422   6.404
53394694311   6.727
53394694312   6.825
53394694321   6.291
53394694322   5.211
53394694411   5.422
53394694412   5.418
53394694421   7.212
53394694422   7.082
53394695311   6.568
53394695312   6.661
53394695321   5.823
53394695322   4.708
53394690233   0.241
53394690234   0.449
53394690243   0.382
53394690244   0.337
53394691133   0.215
53394691134   0.287
53394691143   0.796
53394691144   0.755
53394691233   1.344
53394691234   1.163
53394691243   0.922
53394691244   0.959
53394692133   1.015
53394692134   1.031
53394692143   1.279
53394692144   1.438
53394692233   1.677
53394692234   1.547
53394692243   1.426
53394692244   1.526
53394693133   1.835
53394693134   2.265
53394693143   2.405
53394693144   2.024
53394693233   2.014
53394693234   5.510
53394693243   5.046
53394693244   5.924
53394694133   6.415
53394694134   6.441
53394694143   6.177
53394694144   5.253
53394694233   6.080
53394694234   6.275
53394694243   7.248
53394694244   7.082
53394695133   6.919
53394695134   6.906
53394695143   6.548
53394695144   5.606
53394690232   0.068
53394690241   0.139
53394690242   0.117
53394691131   0.194
53394691132   0.356
53394691141   0.585
53394691142   0.554
53394691231   1.234
53394691232   1.043
53394691241   0.751
53394691242   0.947
53394692131   1.145
53394692132   1.032
53394692141   1.090
53394692142   1.298
53394692231   1.377
53394692232   1.407
53394692241   1.456
53394692242   1.576
53394693131   1.905
53394693132   2.295
53394693141   1.855
53394693142   6.177
53394693231   6.041
53394693232   5.541
53394693241   5.101
53394693242   5.617
53394694131   5.794
53394694132   5.976
53394694141   5.870
53394694142   5.459
53394694231   5.701
53394694232   6.367
53394694241   7.066
53394694242   6.849
53394695131   6.950
53394695132   7.084
53394695141   6.888
53394695142   6.456
53394691123   0.115
53394691213   0.162
53394691214   0.402
53394691223   0.479
53394691224   0.876
53394692113   1.004
53394692114   0.762
53394692123   0.810
53394692124   0.758
53394692213   0.657
53394692214   0.846
53394692223   1.276
53394692224   1.396
53394693113   1.745
53394693114   1.815
53394693123   0.645
53394693124   6.115
53394693213   6.127
53394693214   6.009
53394693223   5.064
53394693224   6.079
53394694113   5.894
53394694114   5.643
53394694123   5.045
53394694124   5.380
53394694213   5.745
53394694214   6.234
53394694223   7.019
53394694224   6.922
53394695113   6.735
53394695114   7.148
53394695123   7.394
53394695124   6.896
53394695213   5.367
53394691222   0.425
53394692111   0.524
53394692112   0.433
53394692121   0.431
53394692122   0.299
53394692211   0.147
53394692212   0.206
53394692221   0.596
53394692222   0.785
53394693111   1.235
53394693112   1.325
53394693121   0.825
53394693122   6.016
53394693211   5.651
53394693212   5.480
53394693221   5.167
53394693222   5.044
53394694111   5.725
53394694112   5.655
53394694121   5.156
53394694122   6.072
53394694211   6.527
53394694212   6.459
53394694221   6.432
53394694222   6.445
53394695111   6.650
53394695112   7.245
53394695121   7.599
53394695122   6.964
53394695211   5.937
53394681444   0.105
53394682333   0.423
53394682334   0.603
53394682343   0.382
53394682344   0.081
53394682443   0.245
53394682444   0.415
53394683333   0.315
53394683334   1.435
53394683343   1.245
53394683344   6.606
53394683433   5.736
53394683434   5.687
53394683443   5.751
53394683444   5.575
53394684333   5.346
53394684334   5.236
53394684343   5.547
53394684344   6.881
53394684433   6.464
53394684434   6.318
53394684443   6.272
53394684444   5.975
53394685333   5.473
53394685334   6.229
53394685343   7.046
53394685344   6.900
53394685433   6.193
53394685434   3.751
53394682331   0.013
53394682332   0.612
53394682341   0.232
53394682342   0.012
53394682442   0.245
53394683342   0.280
53394683431   5.377
53394683432   5.654
53394683441   5.873
53394683442   5.680
53394684331   5.598
53394684332   4.956
53394684341   5.776
53394684342   7.605
53394684431   6.278
53394684432   5.691
53394684441   5.813
53394684442   5.439
53394685331   4.541
53394685332   4.667
53394685341   5.649
53394685342   6.648
53394685431   6.285
53394685432   3.540
53394682314   0.422
53394682323   0.302
53394682324   0.062
53394682424   0.185
53394683324   0.078
53394683413   4.173
53394683414   5.147
53394683423   5.472
53394683424   5.650
53394684313   5.688
53394684314   5.051
53394684323   5.720
53394684324   6.293
53394684413   6.079
53394684414   5.591
53394684423   5.508
53394684424   5.040
53394685313   4.164
53394685314   2.159
53394685323   3.192
53394685324   5.576
53394685413   5.565
53394685414   0.464
53394682321   0.462
53394682322   0.132
53394683322   0.578
53394683411   0.480
53394683412   4.293
53394683421   5.075
53394683422   5.122
53394684311   4.965
53394684312   4.768
53394684321   5.649
53394684322   5.992
53394684411   5.522
53394684412   5.313
53394684421   4.920
53394684422   4.597
53394685311   0.568
53394685312   0.286
53394685321   0.397
53394685322   4.540
53394685411   4.513
53394685412   0.459
53394682143   0.052
53394682144   0.111
53394682244   0.075
53394683143   0.821
53394683144   0.504
53394683234   0.264
53394683243   0.812
53394683244   4.074
53394684133   3.182
53394684134   4.449
53394684143   5.437
53394684144   5.168
53394684233   4.881
53394684234   4.542
53394684243   0.542
53394684244   1.745
53394685133   1.566
53394685134   1.109
53394685143   0.921
53394685144   0.362
53394685233   0.219
53394685234   1.184
53394685243   0.523
53394682142   0.088
53394682242   0.021
53394683132   1.400
53394683141   1.028
53394683142   0.880
53394683232   0.161
53394683241   0.710
53394683242   1.229
53394684131   0.129
53394684132   1.116
53394684141   1.296
53394684142   1.079
53394684231   0.808
53394684232   0.457
53394684241   0.444
53394684242   2.183
53394685131   2.242
53394685132   2.229
53394685141   1.558
53394685142   0.379
53394685231   0.171
53394685232   0.288
53394685241   0.932
53394682124   0.167
53394682213   0.063
53394682224   0.118
53394683113   2.619
53394683114   1.988
53394683123   1.308
53394683124   1.281
53394683213   0.924
53394683214   0.227
53394683223   0.839
53394683224   0.810
53394684113   0.858
53394684114   1.134
53394684123   0.422
53394684124   0.232
53394684213   0.452
53394684214   0.591
53394684223   1.532
53394684224   2.083
53394685113   1.669
53394685114   2.001
53394685123   1.726
53394685124   0.868
53394685213   0.139
53394685214   0.091
53394685223   1.081
53394682212   0.084
53394682222   0.049
53394683111   0.859
53394683112   1.249
53394683121   1.339
53394683122   1.270
53394683211   0.934
53394683212   0.516
53394683221   1.276
53394683222   0.929
53394684111   1.151
53394684112   1.314
53394684121   0.702
53394684122   0.238
53394684211   0.574
53394684212   1.376
53394684221   1.812
53394684222   1.347
53394685111   1.124
53394685112   1.009
53394685121   1.500
53394685122   1.046
53394685211   0.041
53394685212   0.011
53394685221   0.833
53394685222   0.042
53394672434   0.034
53394672443   0.025
53394673333   0.591
53394673334   0.971
53394673343   1.029
53394673344   1.038
53394673433   0.635
53394673434   0.461
53394673443   0.921
53394673444   0.943
53394674333   1.297
53394674334   1.743
53394674343   1.103
53394674344   0.807
53394674433   0.840
53394674434   1.595
53394674443   2.019
53394674444   1.362
53394675333   1.280
53394675334   0.534
53394675343   0.990
53394675344   1.078
53394675433   0.027
53394675443   0.679
53394675444   0.435
53394672432   0.255
53394672441   0.375
53394672442   0.356
53394673331   0.588
53394673332   0.760
53394673341   0.650
53394673342   0.781
53394673431   0.913
53394673432   0.701
53394673441   0.990
53394673442   1.322
53394674331   1.410
53394674332   1.732
53394674341   1.141
53394674342   1.108
53394674431   1.269
53394674432   1.481
53394674441   1.442
53394674442   0.815
53394675331   0.457
53394675332   0.267
53394675341   0.564
53394675431   0.034
53394675432   0.018
53394675441   0.718
53394675442   0.318
53394672414   0.525
53394672423   0.536
53394672424   0.497
53394673313   0.627
53394673314   0.609
53394673323   0.702
53394673324   0.882
53394673413   0.994
53394673414   0.708
53394673423   1.137
53394673424   1.301
53394674313   1.659
53394674314   1.626
53394674323   1.137
53394674324   1.288
53394674413   1.578
53394674414   1.649
53394674423   1.488
53394674424   0.611
53394675314   0.243
53394675323   0.451
53394675414   0.024
53394675423   0.639
53394675424   0.390
53394676313   0.373
53394672412   0.358
53394672421   0.256
53394672422   0.486
53394673311   0.611
53394673312   0.518
53394673321   0.558
53394673322   0.717
53394673411   0.976
53394673412   0.548
53394673421   1.407
53394673422   1.452
53394674311   1.583
53394674312   1.364
53394674321   1.265
53394674322   1.486
53394674411   1.576
53394674412   1.546
53394674421   1.526
53394674422   0.807
53394675311   0.705
53394675312   0.867
53394675412   0.773
53394675421   0.742
53394675422   0.746
53394676311   0.781
53394676312   0.019
53394672243   0.366
53394672244   0.385
53394673133   0.437
53394673134   0.456
53394673143   0.428
53394673144   0.398
53394673233   0.724
53394673234   0.538
53394673243   1.407
53394673244   1.490
53394674133   1.375
53394674134   1.376
53394674143   1.485
53394674144   1.474
53394674233   1.244
53394674234   1.195
53394674243   1.805
53394674244   1.575
53394675133   1.144
53394675233   0.676
53394675234   0.829
53394675243   0.772
53394675244   0.951
53394676133   1.029
53394676134   0.678
53394672241   0.157
53394672242   0.215
53394673131   0.126
53394673132   0.277
53394673141   0.296
53394673142   0.174
53394673232   0.807
53394673241   2.072
53394673242   1.405
53394674131   1.402
53394674132   1.423
53394674141   1.373
53394674142   1.473
53394674231   1.374
53394674232   1.223
53394674241   1.494
53394674242   1.294
53394675131   0.824
53394675231   0.785
53394675232   0.826
53394675241   0.768
53394675242   0.898
53394676131   0.918
53394676132   0.676
53394676141   0.226
53394672224   0.024
53394673114   0.087
53394673123   0.125
53394673124   0.044
53394673214   0.493
53394673223   1.257
53394673224   1.431
53394674113   1.472
53394674114   1.421
53394674123   1.421
53394674124   1.403
53394674213   0.533
53394674214   0.921
53394674223   0.693
53394674224   0.904
53394675113   0.674
53394675124   0.182
53394675213   0.702
53394675214   0.723
53394675223   0.754
53394675224   0.715
53394676113   0.665
53394676114   0.662
53394673212   0.223
53394673221   0.521
53394673222   1.349
53394674111   1.281
53394674112   1.250
53394674121   1.541
53394674122   1.461
53394674211   1.232
53394674212   1.231
53394674221   1.170
53394674222   0.512
53394675111   0.363
53394675211   0.678
53394675212   0.738
53394675221   0.631
53394675222   0.462
53394676111   0.368
53394676112   0.623
53394676122   1.386
53394663433   0.191
53394663434   0.451
53394663444   1.070
53394664333   1.310
53394664334   1.221
53394664343   1.250
53394664344   1.330
53394664433   1.461
53394664434   1.461
53394664443   1.680
53394664444   0.369
53394665333   0.419
53394665344   0.036
53394665433   0.591
53394665434   0.671
53394665443   0.383
53394665444   0.181
53394666333   0.328
53394666334   0.524
53394666343   0.255
53394666344   0.086
53394663342   0.171
53394663431   0.331
53394663432   0.680
53394663441   0.210
53394663442   0.298
53394664331   1.159
53394664332   1.280
53394664341   1.061
53394664342   1.090
53394664431   1.310
53394664432   1.610
53394664441   1.379
53394664442   0.689
53394665331   0.680
53394665342   0.191
53394665431   0.479
53394665432   0.590
53394665441   0.306
53394665442   0.224
53394666331   0.371
53394666332   0.380
53394666341   0.209
53394666342   0.409
53394666431   0.260
53394663323   0.082
53394663324   0.361
53394663413   0.261
53394663414   0.561
53394663423   0.440
53394663424   0.096
53394664313   0.679
53394664314   0.789
53394664323   0.609
53394664324   0.879
53394664413   1.408
53394664414   1.579
53394664423   1.409
53394664424   0.999
53394665313   0.959
53394665324   0.375
53394665413   0.528
53394665414   0.508
53394665423   0.345
53394665424   0.274
53394666313   0.347
53394666314   0.125
53394666324   0.085
53394666413   0.291
53394666414   0.256
53394663312   0.072
53394663321   0.111
53394663322   0.341
53394663411   0.281
53394663412   0.471
53394664312   0.796
53394664321   0.647
53394664322   0.998
53394664411   1.407
53394664412   1.508
53394664421   1.229
53394664422   0.630
53394665311   0.472
53394665322   0.390
53394665411   0.409
53394665412   0.242
53394665421   0.422
53394665422   0.461
53394666311   0.413
53394666312   0.084
53394666322   0.120
53394666411   0.020
53394666412   0.255
53394663133   0.172
53394663134   0.612
53394663143   0.402
53394663144   0.292
53394663233   0.481
53394663234   0.571
53394664134   0.582
53394664143   0.755
53394664144   0.976
53394664233   1.487
53394664234   1.397
53394664243   1.169
53394664244   0.430
53394665144   0.271
53394665233   0.290
53394665234   0.259
53394665243   0.481
53394665244   0.283
53394666133   0.243
53394666134   0.037
53394666144   0.175
53394666233   0.056
53394666234   0.367
53394666243   0.266
53394663131   0.362
53394663132   0.692
53394663141   0.552
53394663142   0.421
53394663231   0.561
53394663232   0.501
53394664131   0.182
53394664132   0.396
53394664141   0.560
53394664142   0.975
53394664231   1.546
53394664232   1.456
53394664241   1.248
53394664242   0.588
53394665142   0.099
53394665231   0.325
53394665232   0.299
53394665241   0.342
53394665242   0.248
53394666131   0.117
53394666132   0.196
53394666141   0.205
53394666142   0.365
53394666231   0.526
53394666232   0.596
53394666241   0.486
53394666242   0.126
53394663113   0.332
53394663114   0.582
53394663123   0.661
53394663124   0.521
53394663213   0.701
53394663214   0.761
53394663223   0.331
53394663224   0.541
53394664113   0.732
53394664114   0.579
53394664123   0.617
53394664124   0.973
53394664213   1.536
53394664214   1.566
53394664223   1.108
53394664224   0.908
53394665124   0.148
53394665213   0.168
53394665214   0.275
53394665223   0.490
53394665224   0.300
53394666113   0.143
53394666114   0.120
53394666123   0.375
53394666124   0.265
53394666213   0.545
53394666214   0.456
53394666223   0.296
53394666224   0.306
53394667113   0.026
53394663111   0.442
53394663112   0.462
53394663121   0.652
53394663122   0.831
53394663211   0.801
53394663212   0.431
53394663221   0.451
53394663222   0.761
53394664111   0.772
53394664112   0.533
53394664121   0.339
53394664122   0.723
53394664211   1.336
53394664212   0.927
53394664221   0.637
53394664222   1.039
53394665121   0.027
53394665122   0.066
53394665212   0.353
53394665221   0.434
53394665222   0.228
53394666111   0.301
53394666112   0.196
53394666121   0.515
53394666122   0.645
53394666211   0.675
53394666212   0.465
53394666222   0.416
53394667111   0.326
53394652444   0.182
53394653333   0.482
53394653334   0.462
53394653343   0.452
53394653344   0.692
53394653433   0.751
53394653434   0.621
53394653443   0.551
53394653444   0.751
53394654333   0.751
53394654334   0.202
53394654343   0.354
53394654433   0.636
53394654443   0.279
53394654444   1.079
53394655434   0.208
53394655443   0.348
53394655444   0.184
53394656333   0.282
53394656334   0.475
53394656343   0.655
53394656344   0.625
53394656433   0.495
53394656434   0.305
53394652442   0.212
53394653331   0.442
53394653332   0.382
53394653341   0.412
53394653342   0.422
53394653431   0.691
53394653432   0.691
53394653441   0.701
53394653442   0.821
53394654331   0.292
53394654341   0.025
53394654441   0.722
53394655432   0.163
53394655441   0.171
53394655442   0.083
53394656331   0.375
53394656332   0.634
53394656341   0.664
53394656342   0.364
53394656431   0.225
53394656432   0.085
53394656441   0.155
53394652424   0.232
53394653313   0.442
53394653314   0.442
53394653323   0.472
53394653324   0.311
53394653413   0.341
53394653414   0.501
53394653423   0.611
53394653424   0.631
53394654423   1.173
53394655324   0.114
53394655413   0.284
53394655414   0.276
53394655423   0.105
53394655424   0.145
53394656313   0.444
53394656314   0.603
53394656323   0.563
53394656324   0.303
53394656413   0.134
53394652422   0.242
53394653311   0.392
53394653312   0.302
53394653321   0.462
53394653322   0.332
53394653411   0.401
53394653412   0.432
53394653421   0.691
53394653422   0.402
53394655411   0.103
53394655412   0.160
53394655421   0.050
53394655422   0.193
53394656311   0.362
53394656312   0.541
53394656321   0.480
53394656322   0.310
53394656411   0.040
53394652244   0.252
53394653133   0.552
53394653134   0.522
53394653143   0.302
53394653144   0.182
53394653233   0.332
53394653234   0.342
53394653243   0.271
53394655233   0.071
53394655234   0.192
53394656133   0.270
53394656134   0.458
53394656143   0.486
53394656144   0.295
53394656233   0.075
53394652242   0.132
53394653131   0.482
53394653132   0.512
53394653141   0.382
53394653142   0.162
53394653231   0.242
53394653232   0.392
53394653241   0.071
53394655142   0.068
53394655231   0.071
53394655232   0.113
53394656131   0.036
53394656132   0.313
53394656141   0.450
53394656142   0.115
53394656231   0.219
53394653113   0.432
53394653114   0.532
53394653123   0.302
53394653124   0.312
53394653213   0.162
53394653214   0.312
53394653223   0.462
53394655213   0.122
53394655214   0.045
53394656113   0.125
53394656114   0.243
53394656123   0.317
53394656124   0.087
53394656213   0.401
53394652222   0.043
53394653111   0.223
53394653112   0.503
53394653121   0.212
53394653122   0.122
53394655211   0.038
53394655212   0.126
53394655221   0.094
53394655222   0.057
53394656111   0.043
53394656112   0.166
53394656121   0.210
53394656122   0.176
53394656211   0.301
53394643333   0.013
53394643334   0.323
53394643343   0.113
53394645434   0.096
53394645443   0.085
53394646334   0.091
53394646343   0.217
53394646344   0.106
53394646433   0.161
53394646444   0.084
53394647333   0.074
53394647334   0.014
53394643332   0.193
53394646341   0.446
53394646342   0.366
53394646431   0.225
53394646432   0.215
53394646441   0.224
53394646442   0.404
53394647331   0.634
53394647332   1.434
53394647341   0.864
53394646323   0.486
53394646324   0.466
53394646413   0.525
53394646414   0.635
53394646423   0.534
53394646424   0.834
53394647313   1.094
53394647314   0.924
53394646321   0.316
53394646322   0.186
53394646411   0.205
53394646412   0.155
53394646421   0.664
53394646422   1.194
53394647311   1.074
53394647312   0.304
53394647322   0.139
53394647422   0.025
53394646233   0.085
53394646243   0.684
53394646244   1.144
53394647133   0.184
53394647134   0.059
53394647143   0.309
53394647144   0.289
53394647244   0.095
53394648133   0.095
53394646241   0.404
53394646242   0.344
53394647132   0.023
53394647141   0.529
53394647142   0.569
53394647231   0.158
53394647241   0.105
53394647242   0.265
53394648131   0.245
53394646223   0.594
53394646224   0.034
53394647114   0.389
53394647123   0.329
53394647213   0.151
53394647214   0.152
53394647223   0.175
53394647224   0.435
53394648113   0.305
53394648114   0.035
53394646221   0.494
53394647112   0.119
53394647121   0.229
53394647212   0.028
53394647221   0.215
53394647222   0.545
53394648111   0.245
53394637434   0.105
53394637443   0.365
53394637444   0.455
53394638333   0.245
53394638334   0.015
53394637441   0.385
53394637442   0.375
53394638331   0.325
53394638332   0.145
53394637424   0.305
53394638313   0.195
53394638314   0.125
53394638311   0.075
53394638312   0.185
53394638134   0.085
