53395547113   0.347
53395547114   0.507
53395547123   0.417
53395547124   0.327
53395547213   0.327
53395547214   1.047
53395547223   1.577
53395547224   1.677
53395548113   1.517
53395548114   1.227
53395546221   0.897
53395546222   0.777
53395547111   0.807
53395547112   0.847
53395547121   0.937
53395547122   0.347
53395547211   0.127
53395547212   0.787
53395547221   1.277
53395547222   1.437
53395548111   1.337
53395548112   1.117
53395548121   0.927
53395548122   0.957
53395536434   0.777
53395536443   0.297
53395536444   0.347
53395537333   0.177
53395537434   0.017
53395537443   0.757
53395537444   0.547
53395538333   0.487
53395538334   0.647
53395538343   0.767
53395538344   0.907
53395538433   1.097
53395538434   1.207
53395539333   2.017
53395537442   0.037
53395538331   0.797
53395538332   0.957
53395538341   0.747
53395538342   0.787
53395538431   0.887
53395538432   1.017
53395538441   1.427
53395538442   1.857
53395539331   1.637
53395537424   0.167
53395538313   0.947
53395538314   1.357
53395538323   0.577
53395538324   0.647
53395538413   0.607
53395538414   0.807
53395538423   1.537
53395538424   1.887
53395539313   1.117
53395538311   0.697
53395538312   0.977
53395538321   0.617
53395538322   0.407
53395538411   0.407
53395538412   0.667
53395538421   1.717
53395538422   2.287
53395539311   2.037
53395539312   0.937
53395538134   0.467
53395538143   0.457
53395538144   0.297
53395538233   0.207
53395538234   0.527
53395538243   1.297
53395538244   2.257
53395539133   2.687
53395539134   2.127
53395539143   2.457
53395538132   0.177
53395538141   0.287
53395538142   0.277
53395538231   0.227
53395538232   0.507
53395538241   1.177
53395538242   1.657
53395539131   2.347
53395539132   2.817
53395539141   2.527
53395538114   0.157
53395538123   0.277
53395538124   0.277
53395538213   0.527
53395538214   0.957
53395538223   1.557
53395538224   1.997
53395539113   1.907
53395539114   2.817
53395539123   2.747
53395539124   3.776
53395538121   0.207
53395538122   0.547
53395538211   0.787
53395538212   1.507
53395538221   1.687
53395538222   2.147
53395539111   2.167
53395539112   2.587
53395539121   1.787
53395539122   4.146
53395528343   0.367
53395528344   0.657
53395528433   0.857
53395528434   1.237
53395528443   1.427
53395528444   1.747
53395529333   1.957
53395529334   2.487
53395529343   1.917
53395529344   4.816
53395529433   4.256
53395528341   0.247
53395528342   0.567
53395528431   0.547
53395528432   0.607
53395528441   0.957
53395528442   1.427
53395529331   1.437
53395529332   2.387
53395529341   3.776
53395529342   4.796
53395529431   3.956
53395528324   0.097
53395528413   0.577
53395528414   0.657
53395528423   0.867
53395528424   1.467
53395529313   1.527
53395529314   1.067
53395529323   3.946
53395529324   4.816
53395529413   4.106
53395529414   4.326
53395528411   0.527
53395528412   0.747
53395528421   1.107
53395528422   1.337
53395529311   1.027
53395529312   2.476
53395529321   3.916
53395529322   4.716
53395529411   4.756
53395529412   5.116
53395528144   0.417
53395528233   1.177
53395528234   1.327
53395528243   1.547
53395528244   1.587
53395529133   0.807
53395529134   2.006
53395529143   4.296
53395529144   4.286
53395529233   4.466
53395529234   5.116
53395529243   5.226
53395528142   0.817
53395528231   1.287
53395528232   1.137
53395528241   1.567
53395528242   1.537
53395529131   0.267
53395529132   1.776
53395529141   4.266
53395529142   4.006
53395529231   3.856
53395529232   4.486
53395529241   4.526
53395529242   4.616
53395620131   4.386
53395528124   0.677
53395528213   1.387
53395528214   1.257
53395528223   1.277
53395528224   1.567
53395529113   0.747
53395529114   2.736
53395529123   3.786
53395529124   3.886
53395529213   3.666
53395529214   4.366
53395529223   4.326
53395529224   4.446
53395620113   4.106
53395620114   4.106
53395528122   0.457
53395528211   1.427
53395528212   1.627
53395528221   1.487
53395528222   1.737
53395529111   1.127
53395529112   0.066
53395529121   3.266
53395529122   3.226
53395529211   3.256
53395529212   4.136
53395529221   4.056
53395529222   4.416
53395620111   3.556
53395620112   3.916
53395620121   4.116
53395518433   0.687
53395518434   1.457
53395518443   1.167
53395518444   0.447
53395519333   1.257
53395519334   1.027
53395519343   1.130
53395519344   0.474
53395519433   2.176
53395519434   3.806
53395519443   4.076
53395519444   4.236
53395610333   3.356
53395610334   3.276
53395610343   3.667
53395610344   3.867
53395610433   4.217
53395518432   0.687
53395518441   0.977
53395518442   0.477
53395519331   1.267
53395519332   1.027
53395519341   0.895
53395519342   0.222
53395519431   0.057
53395519432   1.958
53395519441   3.506
53395519442   3.756
53395610331   3.416
53395610332   2.986
53395610341   3.507
53395610342   3.417
53395610431   3.477
53395610432   4.373
53395518414   0.147
53395518423   0.737
53395518424   1.067
53395519313   1.277
53395519314   1.012
53395519323   0.751
53395519324   0.372
53395519413   0.376
53395519414   0.818
53395519423   1.692
53395519424   2.344
53395610313   1.445
53395610314   1.189
53395610323   0.852
53395610324   1.632
53395610413   0.142
53395610414   3.256
53395610423   4.664
53395518422   0.557
53395519311   1.019
53395519312   1.174
53395519321   0.699
53395519322   0.480
53395519411   1.225
53395519412   1.886
53395519421   2.051
53395519422   1.903
53395610311   1.036
53395610312   1.038
53395610321   0.299
53395610322   0.624
53395610412   0.516
53395610421   4.515
53395519133   0.998
53395519134   1.106
53395519143   0.395
53395519144   0.490
53395519233   1.129
53395519234   1.687
53395519243   2.381
53395519244   2.184
53395610133   1.956
53395610134   0.888
53395610143   0.165
53395610144   0.012
53395610233   0.155
53395610234   0.566
53395610243   4.016
53395519131   1.116
53395519132   1.141
53395519141   0.383
53395519142   0.389
53395519231   0.514
53395519232   1.529
53395519241   2.121
53395519242   2.164
53395610131   1.918
53395610132   1.877
53395610141   1.343
53395610142   1.262
53395610231   0.609
53395610232   1.493
53395610241   3.887
53395519113   0.967
53395519114   0.989
53395519123   0.051
53395519214   1.189
53395519223   1.731
53395519224   1.953
53395610113   1.819
53395610114   2.111
53395610123   2.207
53395610124   1.824
53395610213   1.768
53395610214   4.289
53395610223   3.940
53395610224   2.865
53395519111   0.802
53395519112   0.824
53395519212   1.177
53395519221   1.668
53395519222   1.871
53395610111   1.848
53395610112   2.143
53395610121   2.438
53395610122   2.191
53395610211   4.255
53395610212   3.925
53395610221   3.564
53395610222   3.111
53395509333   0.350
53395509334   0.407
53395509343   0.151
53395509434   1.130
53395509443   1.472
53395509444   1.675
53395600333   1.924
53395600334   1.891
53395600343   1.528
53395600344   4.310
53395600433   4.390
53395600434   4.270
53395600443   4.028
53395600444   4.041
53395601333   4.099
53395509331   0.568
53395509332   0.508
53395509341   0.187
53395509431   0.056
53395509432   1.260
53395509441   1.762
53395509442   1.945
53395600331   1.623
53395600332   1.350
53395600341   3.913
53395600342   3.586
53395600431   4.383
53395600432   4.396
53395600441   4.234
53395600442   4.337
53395601331   3.666
53395601332   3.060
53395509313   0.363
53395509314   0.635
53395509323   0.760
53395509324   0.976
53395509413   1.010
53395509414   1.466
53395509423   1.842
53395509424   2.064
53395600313   1.726
53395600314   2.804
53395600323   2.354
53395600324   3.577
53395600413   4.534
53395600414   4.425
53395600423   4.400
53395600424   4.140
53395601313   3.844
53395601314   3.517
53395601323   3.908
53395509311   0.078
53395509312   0.472
53395509321   0.702
53395509322   0.920
53395509411   1.291
53395509412   1.380
53395509421   1.764
53395509422   2.103
53395600311   1.248
53395600312   2.906
53395600321   2.251
53395600322   3.992
53395600411   4.388
53395600412   4.427
53395600421   4.341
53395600422   4.245
53395601311   4.266
53395601312   4.063
53395601321   4.385
53395601322   4.469
53395603422   4.759
53395604311   4.831
53395604312   4.568
53395604321   4.386
53395509134   0.148
53395509143   0.318
53395509144   0.395
53395509233   1.101
53395509234   1.113
53395509243   0.753
53395509244   1.165
53395600133   1.362
53395600134   0.698
53395600143   2.481
53395600144   3.790
53395600233   4.247
53395600234   4.401
53395600243   4.477
53395600244   4.475
53395601133   4.326
53395601134   4.292
53395601143   4.539
53395601144   4.784
53395601233   4.663
53395601234   4.464
53395603233   4.860
53395603234   5.631
53395603243   6.203
53395603244   6.402
53395604133   6.356
53395604134   6.036
53395604143   6.139
53395604144   5.277
53395604233   4.721
53395604234   3.500
53395509142   0.290
53395509231   0.679
53395509232   0.679
53395509241   0.402
53395509242   0.747
53395600131   1.322
53395600132   0.949
53395600141   0.565
53395600142   1.166
53395600231   1.744
53395600232   4.030
53395600241   4.317
53395600242   4.114
53395601131   3.970
53395601132   3.773
53395601141   4.068
53395601142   4.204
53395601231   4.292
53395601232   4.931
53395601241   4.900
53395601242   4.870
53395602241   3.340
53395602242   3.397
53395603131   3.918
53395603132   4.998
53395603141   4.603
53395603142   3.842
53395603231   5.336
53395603232   6.119
53395603241   6.279
53395603242   6.266
53395604131   6.160
53395604132   5.925
53395604141   6.089
53395604142   5.913
53395604231   5.426
53395604232   5.325
53395604241   4.412
53395509214   0.353
53395509223   0.280
53395509224   1.051
53395600113   1.631
53395600114   1.732
53395600123   1.175
53395600124   0.255
53395600213   0.112
53395600214   0.315
53395600223   0.471
53395600224   0.584
53395601113   2.237
53395601114   2.489
53395601123   3.447
53395601124   3.614
53395601213   3.871
53395601214   4.421
53395601223   4.578
53395601224   4.674
53395602113   4.539
53395602114   4.659
53395602123   4.448
53395602124   4.667
53395602213   4.618
53395602214   3.646
53395602223   3.528
53395602224   4.001
53395603113   4.449
53395603114   5.397
53395603123   4.490
53395603124   4.759
53395603213   4.661
53395603214   5.946
53395603223   6.516
53395603224   6.344
53395604113   5.871
53395604114   5.918
53395604123   6.026
53395604124   6.064
53395604213   5.600
53395604214   6.082
53395604223   5.757
53395604224   4.829
53395509212   0.533
53395509221   0.804
53395509222   1.714
53395600111   2.101
53395600112   2.211
53395600121   1.816
53395600122   0.989
53395600211   1.159
53395600212   1.326
53395600221   1.109
53395601111   0.185
53395601112   0.161
53395601121   0.547
53395601122   0.928
53395601211   1.063
53395601212   1.460
53395601221   1.500
53395601222   3.745
53395602111   3.662
53395602112   4.160
53395602121   3.629
53395602122   3.739
53395602211   3.679
53395602212   2.862
53395602221   2.816
53395602222   2.969
53395603111   3.587
53395603112   4.555
53395603121   3.529
53395603122   5.384
53395603211   4.576
53395603212   5.724
53395603221   6.310
53395603222   6.167
53395604111   5.906
53395604112   5.905
53395604121   5.959
53395604122   6.072
53395604211   5.189
53395604212   6.009
53395604221   6.473
53395604222   6.233
53395605111   5.118
53394599433   0.454
53394599434   0.453
53394599443   1.197
53394599444   1.836
53394690333   1.862
53394690334   1.908
53394690343   1.646
53394690344   1.115
53394690433   1.179
53394690434   1.580
53394690443   1.716
53394690444   1.490
53394691333   1.505
53394691334   0.931
53394691343   0.994
53394691344   1.346
53394691433   1.201
53394691434   1.008
53394691443   1.094
53394691444   0.947
53394692333   1.267
53394692334   1.671
53394692343   1.274
53394692344   0.761
53394692433   2.159
53394692434   1.743
53394692443   1.581
53394692444   1.506
53394693333   1.845
53394693334   1.148
53394693343   1.025
53394693344   2.880
53394693433   4.789
53394693434   4.653
53394693443   6.012
53394693444   6.361
53394694333   5.816
53394694334   5.878
53394694343   5.959
53394694344   5.862
53394694433   4.911
53394694434   5.714
53394694443   6.397
53394694444   6.551
53394695333   6.261
53394695334   4.645
53394599432   0.245
53394599441   1.402
53394599442   1.741
53394690331   1.615
53394690332   1.697
53394690341   1.527
53394690342   1.115
53394690431   1.093
53394690432   1.572
53394690441   1.711
53394690442   1.920
53394691331   1.651
53394691332   1.201
53394691341   1.511
53394691342   2.295
53394691431   2.360
53394691432   2.146
53394691441   2.393
53394691442   1.758
53394692331   0.359
53394692332   1.405
53394692341   1.196
53394692342   0.973
53394692431   2.741
53394692432   2.880
53394692441   2.822
53394692442   2.775
53394693331   2.714
53394693332   2.282
53394693341   2.201
53394693342   1.998
53394693431   4.336
53394693432   4.646
53394693441   5.813
53394693442   6.178
53394694331   6.042
53394694332   6.029
53394694341   5.605
53394694342   5.153
53394694431   4.815
53394694432   4.637
53394694441   6.017
53394694442   6.194
53394695331   6.525
53394695332   5.499
53394599423   1.470
53394599424   1.528
53394690313   1.320
53394690314   1.296
53394690323   1.338
53394690324   1.095
53394690413   1.188
53394690414   1.477
53394690423   1.359
53394690424   1.336
53394691313   1.290
53394691314   1.532
53394691323   2.280
53394691324   2.504
53394691413   2.549
53394691414   2.625
53394691423   2.251
53394691424   2.117
53394692313   0.301
53394692314   0.818
53394692323   1.361
53394692324   1.940
53394692413   2.879
53394692414   2.888
53394692423   2.676
53394692424   2.696
53394693313   3.190
53394693314   3.600
53394693323   3.211
53394693324   2.345
53394693413   3.006
53394693414   5.022
53394693423   5.346
53394693424   6.326
53394694313   6.438
53394694314   6.380
53394694323   5.656
53394694324   4.721
53394694413   4.764
53394694414   4.756
53394694423   6.636
53394694424   6.392
53394695313   6.412
53394695314   6.222
53394695323   4.828
53394599421   0.790
53394599422   1.187
53394690311   0.916
53394690312   0.886
53394690321   0.940
53394690322   0.852
53394690411   1.364
53394690412   1.472
53394690421   1.274
53394690422   1.001
53394691311   0.971
53394691312   1.388
53394691321   2.199
53394691322   2.323
53394691411   2.658
53394691412   2.553
53394691421   2.177
53394691422   2.038
53394692311   1.739
53394692312   1.615
53394692321   2.291
53394692322   2.666
53394692411   2.918
53394692412   2.796
53394692421   2.403
53394692422   2.514
53394693311   3.202
53394693312   3.738
53394693321   3.625
53394693322   3.002
53394693411   3.429
53394693412   5.221
53394693421   4.912
53394693422   6.126
53394694311   6.303
53394694312   6.407
53394694321   5.934
53394694322   4.951
53394694411   5.514
53394694412   5.393
53394694421   7.057
53394694422   6.868
53394695311   6.360
53394695312   6.471
53394695321   5.583
53394695322   4.551
53394599244   0.216
53394690133   0.472
53394690134   0.407
53394690143   0.578
53394690144   0.389
53394690233   1.243
53394690234   1.414
53394690243   1.327
53394690244   1.284
53394691133   1.196
53394691134   1.507
53394691143   2.009
53394691144   1.962
53394691233   2.546
53394691234   2.361
53394691243   2.113
53394691244   2.142
53394692133   2.189
53394692134   2.203
53394692143   2.461
53394692144   2.633
53394692233   2.883
53394692234   2.763
53394692243   2.637
53394692244   2.761
53394693133   3.106
53394693134   3.534
53394693143   3.701
53394693144   3.383
53394693233   3.637
53394693234   5.405
53394693243   4.714
53394693244   5.542
53394694133   6.078
53394694134   6.041
53394694143   5.828
53394694144   5.171
53394694233   6.055
53394694234   6.204
53394694243   7.190
53394694244   6.920
53394695133   6.674
53394695134   6.715
53394695143   6.404
53394695144   5.308
53394690231   0.329
53394690232   1.019
53394690241   1.083
53394690242   1.079
53394691131   1.262
53394691132   1.577
53394691141   1.799
53394691142   1.761
53394691231   2.435
53394691232   2.238
53394691241   1.938
53394691242   2.127
53394692131   2.318
53394692132   2.207
53394692141   2.275
53394692142   2.491
53394692231   2.574
53394692232   2.619
53394692241   2.652
53394692242   2.781
53394693131   3.134
53394693132   3.573
53394693141   3.189
53394693142   6.572
53394693231   6.074
53394693232   5.386
53394693241   4.853
53394693242   5.378
53394694131   5.376
53394694132   5.583
53394694141   5.719
53394694142   5.360
53394694231   5.601
53394694232   6.279
53394694241   7.002
53394694242   6.770
53394695131   6.737
53394695132   6.812
53394695141   6.655
53394695142   6.215
53394690214   0.054
53394690223   0.489
53394690224   0.416
53394691113   0.647
53394691114   1.136
53394691123   1.329
53394691124   1.091
53394691213   1.364
53394691214   1.595
53394691223   1.663
53394691224   2.054
53394692113   2.176
53394692114   1.936
53394692123   1.990
53394692124   1.945
53394692213   1.857
53394692214   2.058
53394692223   2.480
53394692224   2.614
53394693113   2.987
53394693114   3.047
53394693123   1.934
53394693124   6.605
53394693213   5.893
53394693214   5.421
53394693223   4.855
53394693224   5.518
53394694113   5.536
53394694114   5.334
53394694123   4.927
53394694124   5.334
53394694213   5.672
53394694214   6.151
53394694223   6.938
53394694224   6.828
53394695113   6.631
53394695114   6.883
53394695123   7.083
53394695124   6.707
53394695213   5.186
53394691111   0.099
53394691112   0.535
53394691121   0.600
53394691122   0.062
53394691211   0.287
53394691212   0.577
53394691221   1.037
53394691222   1.599
53394692111   1.692
53394692112   1.605
53394692121   1.609
53394692122   1.482
53394692211   1.340
53394692212   1.406
53394692221   1.795
53394692222   1.972
53394693111   2.427
53394693112   2.587
53394693121   2.065
53394693122   6.617
53394693211   5.459
53394693212   5.316
53394693221   4.856
53394693222   4.756
53394694111   5.452
53394694112   5.544
53394694121   5.068
53394694122   6.054
53394694211   6.467
53394694212   6.396
53394694221   6.354
53394694222   6.368
53394695111   6.519
53394695112   7.132
53394695121   7.302
53394695122   6.779
53394695211   5.687
53394681344   0.072
53394681433   0.193
53394681434   0.321
53394681443   0.651
53394681444   1.275
53394682333   1.588
53394682334   1.766
53394682343   1.545
53394682344   1.242
53394682433   1.164
53394682434   1.127
53394682443   1.417
53394682444   1.606
53394683333   1.597
53394683334   2.691
53394683343   2.481
53394683344   6.105
53394683433   5.534
53394683434   5.524
53394683443   5.413
53394683444   5.177
53394684333   5.172
53394684334   5.095
53394684343   5.415
53394684344   6.812
53394684433   6.400
53394684434   6.244
53394684443   6.192
53394684444   5.821
53394685333   5.377
53394685334   6.037
53394685343   6.747
53394685344   6.719
53394685433   6.018
53394685434   3.686
53394681342   0.072
53394681431   0.171
53394681441   0.216
53394681442   0.741
53394682331   1.175
53394682332   1.764
53394682341   1.376
53394682342   1.152
53394682431   0.982
53394682432   0.791
53394682441   1.108
53394682442   1.384
53394683341   0.492
53394683342   1.877
53394683431   5.201
53394683432   5.537
53394683441   5.651
53394683442   5.459
53394684331   5.359
53394684332   4.814
53394684341   5.681
53394684342   7.555
53394684431   6.244
53394684432   5.658
53394684441   5.734
53394684442   5.368
53394685331   4.451
53394685332   4.541
53394685341   5.372
53394685342   6.494
53394685431   6.133
53394685432   3.467
53394681413   0.041
53394681424   0.242
53394682313   0.803
53394682314   1.561
53394682323   1.428
53394682324   1.179
53394682413   0.832
53394682414   0.589
53394682423   0.807
53394682424   1.277
53394683313   0.324
53394683324   0.205
53394683413   4.075
53394683414   4.921
53394683423   5.317
53394683424   5.532
53394684313   5.506
53394684314   4.920
53394684323   5.538
53394684324   6.221
53394684413   6.023
53394684414   5.532
53394684423   5.423
53394684424   4.919
53394685313   4.080
53394685314   2.059
53394685323   3.085
53394685324   5.377
53394685413   5.339
53394685414   0.384
53394682311   0.337
53394682312   0.974
53394682321   1.567
53394682322   1.219
53394682411   0.726
53394682412   0.621
53394682421   0.644
53394682422   1.019
53394683322   1.094
53394683411   0.329
53394683412   4.147
53394683421   4.935
53394683422   4.946
53394684311   4.802
53394684312   4.578
53394684321   5.554
53394684322   5.889
53394684411   5.437
53394684412   5.198
53394684421   4.848
53394684422   4.517
53394685311   1.196
53394685312   0.216
53394685321   0.323
53394685322   4.428
53394685411   4.378
53394685412   0.335
53394682133   0.160
53394682134   0.562
53394682143   1.125
53394682144   1.152
53394682233   0.790
53394682234   0.744
53394682243   0.580
53394682244   1.083
53394683143   1.853
53394683144   1.533
53394683234   0.193
53394683243   1.786
53394683244   3.991
53394684133   3.090
53394684134   4.291
53394684143   5.316
53394684144   5.104
53394684233   4.813
53394684234   4.479
53394684243   1.503
53394684244   2.733
53394685133   2.563
53394685134   2.113
53394685143   1.922
53394685144   1.332
53394685233   0.181
53394685234   1.063
53394685243   0.392
53394682132   0.193
53394682141   0.788
53394682142   1.069
53394682231   0.815
53394682232   0.750
53394682241   0.663
53394682242   0.954
53394683131   0.583
53394683132   2.432
53394683141   2.062
53394683142   1.913
53394683231   0.023
53394683232   0.305
53394683241   1.705
53394683242   2.235
53394684131   1.146
53394684132   2.076
53394684141   2.298
53394684142   2.093
53394684231   1.821
53394684232   1.461
53394684241   1.442
53394684242   3.182
53394685131   3.242
53394685132   3.232
53394685141   2.561
53394685142   1.383
53394685231   0.134
53394685232   0.164
53394685241   0.782
53394682114   0.152
53394682123   0.623
53394682124   1.092
53394682213   0.919
53394682214   0.867
53394682223   0.862
53394682224   1.145
53394683113   3.651
53394683114   3.022
53394683123   2.342
53394683124   2.313
53394683213   1.953
53394683214   1.254
53394683223   1.855
53394683224   1.815
53394684113   1.835
53394684114   2.106
53394684123   1.437
53394684124   1.255
53394684213   1.470
53394684214   1.611
53394684223   2.541
53394684224   3.091
53394685113   2.671
53394685114   3.002
53394685123   2.732
53394685124   1.872
53394685213   0.112
53394685214   0.064
53394685223   0.946
53394682112   0.292
53394682121   0.319
53394682122   0.665
53394682211   0.918
53394682212   1.105
53394682221   0.960
53394682222   1.074
53394683111   1.891
53394683112   2.282
53394683121   2.372
53394683122   2.303
53394683211   1.963
53394683212   1.544
53394683221   2.295
53394683222   1.935
53394684111   2.155
53394684112   2.306
53394684121   1.717
53394684122   1.270
53394684211   1.601
53394684212   2.401
53394684221   2.831
53394684222   2.361
53394685111   2.131
53394685112   2.012
53394685121   2.502
53394685122   2.051
53394685211   0.019
53394685221   0.716
53394672334   0.248
53394672343   0.385
53394672344   0.349
53394672433   0.786
53394672434   1.060
53394672443   1.054
53394672444   1.018
53394673333   1.621
53394673334   2.002
53394673343   2.062
53394673344   2.073
53394673433   1.663
53394673434   1.484
53394673443   1.935
53394673444   1.955
53394674333   2.295
53394674334   2.755
53394674343   2.129
53394674344   1.839
53394674433   1.870
53394674434   2.620
53394674443   3.040
53394674444   2.381
53394675333   2.291
53394675334   1.541
53394675343   1.992
53394675344   2.083
53394675443   0.579
53394675444   0.318
53394672341   0.363
53394672342   0.439
53394672431   0.922
53394672432   1.284
53394672441   1.407
53394672442   1.389
53394673331   1.621
53394673332   1.792
53394673341   1.682
53394673342   1.813
53394673431   1.944
53394673432   1.724
53394673441   2.005
53394673442   2.335
53394674331   2.415
53394674332   2.755
53394674341   2.169
53394674342   2.139
53394674431   2.299
53394674432   2.510
53394674441   2.470
53394674442   1.840
53394675331   1.471
53394675332   1.281
53394675341   1.572
53394675441   0.622
53394675442   0.223
53394672323   0.068
53394672324   0.442
53394672413   0.824
53394672414   1.555
53394672423   1.568
53394672424   1.530
53394673313   1.661
53394673314   1.642
53394673323   1.733
53394673324   1.913
53394673413   2.024
53394673414   1.734
53394673423   2.155
53394673424   2.315
53394674313   2.675
53394674314   2.645
53394674323   2.169
53394674324   2.319
53394674413   2.609
53394674414   2.680
53394674423   2.519
53394674424   1.640
53394675313   0.710
53394675314   1.270
53394675323   1.462
53394675423   0.533
53394675424   0.307
53394676313   0.303
53394672322   0.110
53394672411   0.440
53394672412   1.401
53394672421   1.289
53394672422   1.520
53394673311   1.641
53394673312   1.552
53394673321   1.594
53394673322   1.744
53394673411   2.004
53394673412   1.575
53394673421   2.435
53394673422   2.465
53394674311   2.615
53394674312   2.398
53394674321   2.299
53394674322   2.519
53394674411   2.609
53394674412   2.579
53394674421   2.559
53394674422   1.839
53394675311   1.739
53394675312   1.900
53394675412   0.702
53394675421   0.669
53394675422   0.675
53394676311   0.712
53394672144   0.111
53394672233   0.101
53394672234   0.992
53394672243   1.402
53394672244   1.423
53394673133   1.473
53394673134   1.493
53394673143   1.467
53394673144   1.424
53394673233   1.744
53394673234   1.565
53394673243   2.415
53394673244   2.515
53394674133   2.407
53394674134   2.410
53394674143   2.519
53394674144   2.509
53394674233   2.279
53394674234   2.229
53394674243   2.839
53394674244   2.609
53394675133   2.179
53394675233   0.609
53394675234   0.761
53394675243   0.702
53394675244   0.882
53394676133   0.961
53394676134   0.610
53394672142   0.151
53394672232   0.592
53394672241   1.193
53394672242   1.253
53394673131   1.163
53394673132   1.314
53394673141   1.334
53394673142   1.215
53394673231   0.986
53394673232   1.837
53394673241   3.108
53394673242   2.438
53394674131   2.438
53394674132   2.458
53394674141   2.409
53394674142   2.509
53394674231   2.409
53394674232   2.259
53394674241   2.529
53394674242   2.329
53394675131   1.859
53394675231   0.718
53394675232   0.759
53394675241   0.700
53394675242   0.830
53394676131   0.850
53394676132   0.609
53394676141   0.159
53394672214   0.463
53394672223   1.033
53394672224   1.063
53394673113   0.863
53394673114   1.124
53394673123   1.165
53394673124   1.085
53394673213   0.186
53394673214   1.528
53394673223   2.288
53394673224   2.468
53394674113   2.508
53394674114   2.458
53394674123   2.459
53394674124   2.439
53394674213   1.568
53394674214   1.959
53394674223   1.729
53394674224   1.939
53394675113   1.709
53394675124   0.117
53394675213   0.637
53394675214   0.657
53394675223   0.688
53394675224   0.649
53394676113   0.598
53394676114   0.596
53394672211   0.054
53394672212   0.353
53394672221   0.753
53394672222   1.083
53394673111   0.834
53394673112   0.934
53394673121   0.975
53394673122   0.826
53394673211   0.527
53394673212   1.288
53394673221   1.558
53394673222   2.388
53394674111   2.318
53394674112   2.288
53394674121   2.578
53394674122   2.498
53394674211   2.268
53394674212   2.268
53394674221   2.208
53394674222   1.549
53394675111   1.399
53394675211   0.614
53394675212   0.674
53394675221   0.566
53394675222   0.397
53394676111   0.304
53394676112   0.560
53394676122   1.416
53394662434   0.223
53394662443   0.534
53394662444   0.793
53394663334   0.826
53394663343   0.786
53394663344   0.777
53394663433   1.308
53394663434   1.568
53394663443   1.108
53394663444   2.108
53394664333   2.348
53394664334   2.258
53394664343   2.289
53394664344   2.368
53394664433   2.498
53394664434   2.498
53394664443   2.718
53394664444   1.408
53394665333   1.459
53394665433   0.530
53394665434   0.610
53394665443   0.321
53394665444   0.120
53394666333   0.269
53394666334   0.467
53394666343   0.209
53394666344   0.116
53394662441   0.063
53394662442   0.273
53394663331   0.126
53394663332   0.537
53394663341   0.747
53394663342   1.288
53394663431   1.448
53394663432   1.798
53394663441   1.328
53394663442   1.338
53394664331   2.199
53394664332   2.318
53394664341   2.099
53394664342   2.129
53394664431   2.348
53394664432   2.648
53394664441   2.418
53394664442   1.729
53394665331   1.719
53394665342   0.133
53394665431   0.421
53394665432   0.532
53394665441   0.248
53394665442   0.167
53394666331   0.316
53394666332   0.326
53394666341   0.166
53394666342   0.433
53394666431   0.306
53394662424   0.034
53394663313   0.248
53394663314   0.538
53394663323   1.198
53394663324   1.478
53394663413   1.378
53394663414   1.678
53394663423   1.558
53394663424   1.158
53394664313   1.718
53394664314   1.828
53394664323   1.648
53394664324   1.918
53394664413   2.448
53394664414   2.618
53394664423   2.448
53394664424   2.038
53394665313   1.998
53394665324   0.320
53394665413   0.473
53394665414   0.453
53394665423   0.290
53394665424   0.220
53394666313   0.293
53394666314   0.073
53394666324   0.132
53394666413   0.373
53394666414   0.424
53394666423   0.063
53394663311   0.808
53394663312   1.188
53394663321   1.228
53394663322   1.458
53394663411   1.398
53394663412   1.588
53394663421   0.878
53394663422   0.898
53394664311   0.878
53394664312   1.838
53394664321   1.688
53394664322   2.038
53394664411   2.448
53394664412   2.548
53394664421   2.268
53394664422   1.669
53394665311   1.509
53394665322   0.337
53394665411   0.356
53394665412   0.190
53394665421   0.371
53394665422   0.410
53394666311   0.362
53394666312   0.033
53394666322   0.274
53394666411   0.124
53394666412   0.471
53394666421   0.160
53394663133   1.288
53394663134   1.728
53394663143   1.518
53394663144   1.408
53394663233   1.598
53394663234   1.688
53394663243   0.588
53394663244   0.478
53394664133   0.878
53394664134   1.628
53394664143   1.798
53394664144   2.018
53394664233   2.528
53394664234   2.438
53394664243   2.208
53394664244   1.468
53394665144   0.221
53394665233   0.240
53394665234   0.209
53394665243   0.433
53394665244   0.235
53394666133   0.198
53394666143   0.180
53394666144   0.400
53394666233   0.279
53394666234   0.590
53394666243   0.489
53394662242   0.088
53394663131   1.478
53394663132   1.808
53394663141   1.668
53394663142   1.538
53394663231   1.678
53394663232   1.618
53394663241   0.978
53394663242   1.028
53394664131   1.298
53394664132   1.468
53394664141   1.608
53394664142   2.018
53394664231   2.588
53394664232   2.498
53394664241   2.289
53394664242   1.628
53394665142   0.052
53394665231   0.279
53394665232   0.255
53394665241   0.303
53394665242   0.213
53394666131   0.091
53394666132   0.362
53394666141   0.429
53394666142   0.589
53394666231   0.749
53394666232   0.819
53394666241   0.709
53394666242   0.349
53394662224   0.528
53394663113   1.448
53394663114   1.698
53394663123   1.778
53394663124   1.638
53394663213   1.818
53394663214   1.878
53394663223   1.448
53394663224   1.658
53394664113   1.848
53394664114   1.688
53394664123   1.678
53394664124   2.018
53394664213   2.578
53394664214   2.608
53394664223   2.148
53394664224   1.948
53394665124   0.105
53394665213   0.125
53394665214   0.245
53394665223   0.467
53394665224   0.286
53394666113   0.219
53394666114   0.340
53394666123   0.599
53394666124   0.489
53394666213   0.769
53394666214   0.679
53394666223   0.519
53394666224   0.529
53394667113   0.249
53394662222   0.838
53394663111   1.558
53394663112   1.578
53394663121   1.768
53394663122   1.948
53394663211   1.918
53394663212   1.548
53394663221   1.568
53394663222   1.878
53394664111   1.888
53394664112   1.648
53394664121   1.418
53394664122   1.768
53394664211   2.378
53394664212   1.968
53394664221   1.678
53394664222   2.078
53394665122   0.025
53394665212   0.337
53394665221   0.423
53394665222   0.245
53394666111   0.454
53394666112   0.419
53394666121   0.738
53394666122   0.868
53394666211   0.899
53394666212   0.689
53394666221   0.099
53394666222   0.639
53394667111   0.549
53394667112   0.049
53394652444   1.298
53394653333   1.598
53394653334   1.578
53394653343   1.568
53394653344   1.808
53394653433   1.868
53394653434   1.738
53394653443   1.668
53394653444   1.868
53394654333   1.868
53394654334   1.318
53394654343   1.458
53394654344   0.818
53394654433   1.679
53394654434   0.968
53394654443   1.318
53394654444   2.119
53394655434   0.205
53394655443   0.351
53394655444   0.240
53394656333   0.500
53394656334   0.698
53394656343   0.878
53394656344   0.848
53394656433   0.718
53394656434   0.529
53394656443   0.199
53394656444   0.109
53394657334   0.289
53394652441   0.778
53394652442   1.328
53394653331   1.558
53394653332   1.498
53394653341   1.528
53394653342   1.538
53394653431   1.808
53394653432   1.808
53394653441   1.818
53394653442   1.938
53394654331   1.408
53394654332   0.438
53394654341   1.128
53394654431   1.039
53394654432   0.538
53394654441   1.758
53394655432   0.186
53394655441   0.189
53394655442   0.220
53394656331   0.597
53394656332   0.857
53394656341   0.887
53394656342   0.587
53394656431   0.447
53394656432   0.308
53394656441   0.378
53394652423   0.928
53394652424   1.348
53394653313   1.558
53394653314   1.558
53394653323   1.588
53394653324   1.428
53394653413   1.458
53394653414   1.618
53394653423   1.728
53394653424   1.748
53394654313   1.108
53394654314   0.228
53394654323   0.468
53394654414   0.538
53394654423   2.208
53394655324   0.146
53394655413   0.316
53394655414   0.307
53394655423   0.134
53394655424   0.367
53394656313   0.666
53394656314   0.825
53394656323   0.785
53394656324   0.525
53394656413   0.355
53394652421   0.988
53394652422   1.358
53394653311   1.508
53394653312   1.418
53394653321   1.578
53394653322   1.448
53394653411   1.518
53394653412   1.548
53394653421   1.808
53394653422   1.518
53394654311   0.838
53394654312   0.418
53394654321   0.538
53394654412   0.619
53394655322   0.016
53394655411   0.135
53394655412   0.194
53394655421   0.087
53394655422   0.416
53394656311   0.584
53394656312   0.763
53394656321   0.703
53394656322   0.532
53394656411   0.261
53394652234   0.508
53394652243   0.938
53394652244   1.368
53394653133   1.668
53394653134   1.638
53394653143   1.418
53394653144   1.298
53394653233   1.448
53394653234   1.458
53394653243   1.388
53394653244   0.858
53394654133   0.208
53394654134   0.308
53394654143   0.228
53394655233   0.110
53394655234   0.230
53394655243   0.037
53394655244   0.195
53394656133   0.492
53394656134   0.681
53394656143   0.709
53394656144   0.518
53394656233   0.313
53394657143   0.137
53394657144   0.437
53394652232   0.438
53394652241   0.618
53394652242   1.248
53394653131   1.598
53394653132   1.628
53394653141   1.498
53394653142   1.278
53394653231   1.358
53394653232   1.508
53394653241   1.188
53394653242   0.708
53394654132   0.128
53394655142   0.156
53394655231   0.136
53394655232   0.158
53394656131   0.258
53394656132   0.536
53394656141   0.675
53394656142   0.341
53394656231   0.474
53394657141   0.487
53394657142   1.167
53394657231   1.087
53394657232   0.747
53394657241   0.027
53394652213   0.418
53394652214   0.578
53394652223   0.558
53394652224   1.118
53394653113   1.548
53394653114   1.648
53394653123   1.418
53394653124   1.428
53394653213   1.278
53394653214   1.428
53394653223   1.578
53394653224   0.118
53394655213   0.213
53394655214   0.113
53394655223   0.028
53394655224   0.164
53394656113   0.354
53394656114   0.471
53394656123   0.548
53394656124   0.341
53394656213   0.658
53394656214   0.216
53394657123   0.647
53394657124   1.227
53394657213   1.247
53394657214   1.107
53394657223   0.157
53394657224   0.067
53394652211   0.558
53394652212   0.678
53394652221   0.748
53394652222   1.158
53394653111   1.338
53394653112   1.618
53394653121   1.328
53394653122   1.238
53394653211   1.068
53394653212   1.078
53394653221   0.678
53394655211   0.152
53394655212   0.271
53394655221   0.239
53394655222   0.215
53394656111   0.272
53394656112   0.404
53394656121   0.467
53394656122   0.443
53394656211   0.562
53394656212   0.168
53394656221   0.222
53394657122   0.647
53394657211   1.337
53394657212   1.117
53394657221   0.757
53394657222   0.287
53394642344   0.218
53394642433   0.598
53394642434   0.718
53394642443   0.828
53394642444   0.748
53394643333   1.128
53394643334   1.438
53394643343   1.228
53394643344   1.018
53394643433   0.738
53394643434   0.318
53394645433   0.141
53394645434   0.241
53394645443   0.230
53394646334   0.352
53394646343   0.537
53394646344   0.424
53394646433   0.433
53394646434   0.131
53394646443   0.141
53394646444   0.378
53394647333   0.367
53394647334   0.306
53394647433   0.867
53394647434   1.437
53394647443   1.117
53394647444   0.857
53394648333   0.506
53394642342   0.478
53394642431   0.578
53394642432   0.609
53394642441   0.728
53394642442   0.718
53394643331   0.968
53394643332   1.308
53394643341   1.108
53394643342   1.078
53394643431   0.808
53394643432   0.098
53394646332   0.214
53394646341   0.761
53394646342   0.679
53394646431   0.534
53394646432   0.516
53394646441   0.521
53394646442   0.700
53394647331   0.928
53394647332   1.726
53394647341   1.158
53394647431   1.027
53394647432   1.397
53394647441   1.467
53394647442   1.207
53394648331   0.776
53394648332   0.466
53394642323   0.498
53394642324   0.648
53394642413   0.608
53394642414   0.629
53394642423   0.968
53394642424   1.318
53394643313   1.318
53394643314   1.108
53394643323   1.308
53394643324   1.298
53394643413   0.948
53394646314   0.028
53394646323   0.798
53394646324   0.776
53394646413   0.831
53394646414   0.935
53394646423   0.829
53394646424   1.128
53394647313   1.387
53394647314   1.217
53394647413   1.247
53394647414   1.207
53394647423   1.417
53394647424   1.377
53394648313   1.116
53394648314   0.666
53394642321   0.788
53394642322   0.688
53394642411   0.598
53394642412   0.918
53394642421   0.948
53394642422   1.048
53394643311   1.418
53394643312   1.218
53394643321   1.378
53394643322   1.578
53394643411   1.098
53394646312   0.258
53394646321   0.628
53394646322   0.496
53394646411   0.511
53394646412   0.453
53394646421   0.958
53394646422   1.488
53394647311   1.368
53394647312   0.597
53394647321   0.241
53394647322   1.339
53394647411   1.077
53394647412   1.247
53394647421   1.307
53394647422   1.506
53394648311   1.436
53394648312   0.936
53394648321   0.505
53394642143   0.568
53394642144   0.548
53394642233   0.938
53394642234   1.118
53394642243   1.198
53394642244   1.398
53394643133   1.588
53394643134   1.638
53394643143   1.448
53394643144   1.598
53394643233   0.998
53394646144   0.173
53394646233   0.390
53394646234   0.170
53394646243   0.978
53394646244   1.437
53394647133   0.478
53394647134   0.312
53394647143   1.510
53394647144   1.489
53394647233   1.088
53394647234   1.189
53394647243   1.285
53394647244   1.575
53394648133   1.575
53394648134   1.085
53394648143   0.525
53394642141   0.488
53394642142   0.668
53394642231   1.038
53394642232   1.108
53394642241   1.258
53394642242   1.328
53394643131   1.548
53394643132   1.528
53394643141   1.398
53394643142   1.588
53394643231   1.018
53394646231   0.300
53394646241   0.698
53394646242   0.638
53394647132   1.139
53394647141   1.729
53394647142   1.769
53394647231   1.358
53394647232   1.347
53394647241   1.585
53394647242   1.745
53394648131   1.725
53394648132   1.365
53394648141   0.795
53394648142   0.485
53394642114   0.088
53394642123   0.638
53394642124   0.718
53394642213   0.718
53394642214   0.758
53394642223   0.958
53394642224   1.118
53394643113   1.578
53394643114   1.478
53394643123   1.278
53394643124   1.308
53394643213   0.878
53394645224   0.277
53394646113   0.367
53394646214   0.018
53394646223   0.888
53394646224   0.329
53394647114   1.589
53394647123   1.529
53394647124   1.009
53394647213   1.575
53394647214   1.595
53394647223   1.655
53394647224   1.915
53394648113   1.785
53394648114   1.515
53394648123   1.035
53394648124   0.385
53394642121   0.518
53394642122   0.539
53394642211   0.728
53394642212   0.818
53394642221   0.648
53394642222   0.748
53394643111   1.148
53394643112   0.958
53394643121   1.138
53394643122   0.998
53394643211   0.248
53394643212   0.208
53394643221   0.238
53394645222   0.137
53394646111   0.267
53394646112   0.457
53394646121   0.157
53394646221   0.789
53394647111   0.119
53394647112   1.319
53394647121   1.429
53394647122   0.795
53394647211   1.105
53394647212   1.475
53394647221   1.695
53394647222   2.025
53394648111   1.725
53394648112   1.405
53394648121   1.135
53394648122   0.325
53394632343   0.529
53394632344   0.488
53394632433   0.599
53394632434   0.988
53394632443   0.558
53394632444   0.578
53394633333   0.668
53394633334   0.308
53394633343   0.808
53394633344   0.418
53394633434   0.078
53394633443   0.568
53394635444   0.167
53394636333   0.297
53394636334   0.447
53394636343   0.487
53394636344   0.427
53394636433   0.187
53394637334   0.849
53394637343   1.149
53394637344   0.645
53394637433   0.845
53394637434   1.585
53394637443   1.845
53394637444   1.935
53394638333   1.725
53394638334   1.495
53394638343   1.245
53394638344   0.325
53394638433   0.335
53394632341   0.399
53394632342   0.339
53394632432   0.349
53394632441   0.408
53394632442   0.678
53394633331   0.638
53394633332   0.038
53394633341   0.358
53394633342   0.318
53394633432   0.258
53394633441   0.658
53394636332   0.447
53394636341   0.557
53394636342   0.367
53394636431   0.397
53394636432   0.827
53394636441   0.927
53394636442   0.857
53394637341   0.479
53394637342   0.046
53394637431   0.495
53394637432   1.295
53394637441   1.865
53394637442   1.855
53394638331   1.805
53394638332   1.625
53394638341   1.345
53394638342   0.765
53394638431   0.415
53394632323   0.299
53394632324   0.399
53394632413   0.208
53394632414   0.198
53394632423   0.318
53394632424   0.498
53394633313   0.368
53394633314   0.428
53394633323   0.488
53394633414   0.918
53394636314   0.167
53394636323   0.467
53394636324   0.637
53394636413   0.577
53394636414   0.887
53394636423   0.997
53394636424   0.757
53394637324   0.118
53394637413   0.159
53394637414   0.325
53394637423   1.235
53394637424   1.785
53394638313   1.675
53394638314   1.605
53394638323   1.245
53394638324   0.745
53394638413   0.455
53394632321   0.279
53394632412   0.228
53394632421   0.138
53394632422   0.248
53394633311   0.178
53394633312   0.038
53394633321   0.178
53394633411   0.118
53394633412   0.908
53394636312   0.057
53394636321   0.307
53394636322   0.437
53394636411   0.407
53394636412   0.827
53394636421   0.847
53394636422   0.507
53394637311   0.137
53394637312   1.538
53394637321   0.998
53394637322   1.138
53394637411   0.848
53394637412   0.508
53394637421   0.324
53394637422   0.865
53394638311   1.555
53394638312   1.665
53394638321   1.335
53394638322   0.735
53394638411   0.505
53394632234   0.068
53394632244   0.228
53394633133   0.018
53394633143   0.298
53394633144   0.478
53394633233   0.198
53394636134   0.327
53394636143   0.367
53394636144   0.347
53394636233   0.487
53394636234   0.777
53394636243   0.987
53394636244   0.877
53394637133   0.837
53394637134   1.658
53394637143   1.768
53394637144   1.938
53394637233   1.718
53394637234   1.298
53394637243   0.669
53394637244   0.194
53394638133   1.105
53394638134   1.565
53394638143   1.155
53394638144   0.665
53394638233   0.555
53394633142   0.688
53394633231   0.778
53394636132   0.407
53394636141   0.557
53394636142   0.537
53394636231   0.737
53394636232   1.027
53394636241   1.207
53394636242   1.787
53394637131   1.747
53394637132   1.797
53394637141   1.988
53394637142   2.168
53394637231   2.088
53394637232   1.858
53394637241   0.938
53394637242   0.500
53394638131   0.345
53394638132   0.885
53394638141   0.875
53394638142   0.595
53394638231   0.565
53394633123   0.418
53394633124   1.228
53394636113   0.237
53394636114   0.507
53394636123   0.737
53394636124   0.927
53394636213   1.187
53394636214   1.527
53394636223   1.457
53394636224   1.967
53394637113   1.687
53394637114   1.698
53394637123   1.708
53394637124   1.758
53394637213   1.768
53394637214   1.438
53394637223   0.978
53394638113   0.125
53394638114   0.895
53394638123   0.595
53394638124   0.525
53394638213   0.475
53394633121   0.818
53394633122   1.408
53394636111   0.447
53394636112   0.587
53394636121   0.787
53394636122   0.957
53394636211   1.177
53394636212   1.577
53394636221   1.567
53394636222   1.767
53394637111   1.617
53394637112   1.197
53394637121   1.277
53394637122   1.558
53394637211   1.208
53394637212   0.908
53394637221   0.808
53394638112   0.765
53394638121   0.565
53394626333   0.247
53394626334   0.257
53394626343   0.257
53394626344   0.707
53394626433   0.557
53394626434   1.067
53394626443   0.887
53394626444   1.447
53394627333   1.267
53394627334   0.617
53394627343   0.117
53394627344   1.217
53394627433   1.067
53394628334   0.355
53394628343   0.815
53394626342   0.137
53394626432   0.407
53394626441   0.237
53394626442   1.247
53394627331   1.257
53394627332   0.937
53394627341   1.017
53394627342   1.707
53394627431   1.777
53394627432   1.077
53394627441   0.647
53394626313   0.127
53394626323   0.607
53394626324   0.567
53394626413   0.157
53394626414   1.247
53394626423   1.447
53394626424   1.527
53394627313   1.487
53394627314   1.557
53394627323   1.847
53394627324   2.027
53394627413   1.937
53394627414   1.527
53394627423   1.127
53394626311   0.407
53394626312   0.247
53394626321   0.767
53394626322   0.707
53394626411   0.877
53394626412   1.497
53394626421   1.687
53394626422   1.657
53394627311   1.727
53394627312   1.947
53394627321   2.057
53394627322   2.117
53394627411   1.737
53394627412   1.217
53394627421   0.927
53394627422   0.277
53394626133   0.497
53394626143   0.657
53394626144   1.107
53394626233   1.267
53394626234   1.487
53394626243   1.687
53394626244   1.557
53394627133   1.707
53394627134   1.937
53394627143   1.957
53394627144   1.917
53394627233   1.847
53394627234   1.317
53394627243   1.147
53394627244   0.257
53394626131   0.737
53394626132   0.677
53394626141   0.587
53394626142   1.097
53394626231   1.087
53394626232   1.337
53394626241   1.657
53394626242   1.787
53394627131   1.667
53394627132   1.957
53394627141   2.027
53394627142   2.067
53394627231   2.107
53394627232   1.457
53394627241   0.437
53394626113   0.357
53394626123   0.537
53394626124   0.587
53394626214   1.197
53394626223   1.567
53394626224   1.677
53394627113   1.587
53394627114   1.897
53394627123   1.947
53394627124   1.857
53394627213   2.007
53394627214   1.427
53394627223   0.167
53394626121   0.387
53394626122   0.067
53394626212   0.617
53394626221   0.997
53394626222   1.267
53394627111   1.267
53394627112   0.657
53394627121   1.337
53394627122   1.007
53394627211   0.997
53394616444   0.379
53394617334   0.125
53394616442   0.181
53394617331   0.229
53394616414   0.025
53394616423   0.130
53394616424   0.099
53394617313   0.189
53394617314   0.422
53394616412   0.117
53394616421   0.016
53394616422   0.028
53394617311   0.215
53394617312   0.627
53394616234   0.043
53394616243   0.452
53394616244   0.322
53394617133   0.743
53394617134   0.534
53394616232   0.202
53394616241   0.502
53394616242   0.772
53394617131   0.832
53394617132   0.533
53394616214   0.211
53394616223   0.362
53394616224   0.792
53394617113   0.782
53394617114   0.502
53394616122   0.501
53394616211   0.411
53394616212   0.691
53394616221   0.481
53394616222   0.972
53394617111   0.862
53394606344   0.371
53394606433   0.811
53394606434   0.651
53394606443   0.791
53394606444   0.952
53394607333   0.932
53394607334   0.151
53394606431   0.511
53394606432   0.641
53394606441   0.631
53394606442   0.671
53394607331   0.611
53394606423   0.221
53394606424   0.401
